----
x p1 p2 p3 p4 p5 p6

t=0
0 100 99 101 100 100.5
.2 78 80 76 77 79 82 
0.4 66 67 65 66 68 
0.7 44 44 43 44 45 42
0.9 34 33 32 31 33 36
1.0 0 0.5 1 -.5 1 
t=1
0 100 99 101 100 100.5
.2 78 80 76 77 79 82 
0.4 66 67 65 66 68 
0.7 44 44 43 44 45 42
0.9 34 33 32 31 33 36
1.0 0 0.5 1 -.5 1
t=2
0 100 99 101 100 100.5
.2 78 80 76 77 79 82 
0.4 66 67 65 66 68 
0.7 44 44 43 44 45 42
0.9 34 33 32 31 33 36
1.0 0 0.5 1 -.5 1
--------------------------

x y z potential
t=0
0.2 0.2 0.2 0.18312
0.2 0.2 0.4 0.18312
0.2 0.2 0.6 0.18312
t=1
0.2 0.2 0.2 0.18312
0.2 0.2 0.4 0.18312
0.2 0.2 0.6 0.18312
t=2
0.2 0.2 0.2 0.18312
0.2 0.2 0.4 0.18312
0.2 0.2 0.6 0.18312

