10 0 0 0 0 -9 -9 -9 1328.39 1273.09 2449.4 5050.87
10 1 0 0 1 -9 -9 -4.5 410.273 397.907 2626.35 3434.53
10 2 0 0 2 -9 -9 0 1117.18 1735.1 2907.99 5760.28
10 3 0 0 3 -9 -9 4.5 542.564 788.314 2721.4 4052.28
10 4 0 0 4 -9 -9 9 222.919 285.383 2468.34 2976.64
10 5 0 1 0 -9 -4.5 -9 2493.64 2539.13 2460.5 7493.27
10 6 0 1 1 -9 -4.5 -4.5 499.684 558.714 2642.55 3700.94
10 7 0 1 2 -9 -4.5 0 898.566 1378.96 2908.14 5185.67
10 8 0 1 3 -9 -4.5 4.5 1490.43 2016.8 2755.02 6262.25
10 9 0 1 4 -9 -4.5 9 793.349 1001.55 2484.3 4279.19
10 10 0 2 0 -9 0 -9 254.706 385.669 2579.8 3220.18
10 11 0 2 1 -9 0 -4.5 3281.11 3814.46 2868.09 9963.66
10 12 0 2 2 -9 0 0 3783.01 4433.69 2963.65 11180.3
10 13 0 2 3 -9 0 4.5 207.255 221.954 2704.72 3133.93
10 14 0 2 4 -9 0 9 220.471 186.49 2547.53 2954.49
10 15 0 3 0 -9 4.5 -9 2937.03 3158.64 2647.12 8742.8
10 16 0 3 1 -9 4.5 -4.5 597.448 1061.07 2903.42 4561.94
10 17 0 3 2 -9 4.5 0 459.513 971.468 2970.5 4401.48
10 18 0 3 3 -9 4.5 4.5 642.87 1146.95 2784.21 4574.04
10 19 0 3 4 -9 4.5 9 361.973 579.905 2622.54 3564.41
10 20 0 4 0 -9 9 -9 214.784 263.885 2489.5 2968.17
10 21 0 4 1 -9 9 -4.5 311.071 471.615 2679.14 3461.82
10 22 0 4 2 -9 9 0 955.662 1603.61 2925.81 5485.09
10 23 0 4 3 -9 9 4.5 89.1968 334.002 2733.28 3156.48
10 24 0 4 4 -9 9 9 181.333 262.945 2498.68 2942.96
10 25 1 0 0 -4.5 -9 -9 799.121 -522.977 1460.87 1737.01
10 26 1 0 1 -4.5 -9 -4.5 1410.91 94.9387 1561.22 3067.07
10 27 1 0 2 -4.5 -9 0 1200.42 -145.928 1702.99 2757.48
10 28 1 0 3 -4.5 -9 4.5 1113.46 -92.3474 1599.26 2620.37
10 29 1 0 4 -4.5 -9 9 618.891 -518.236 1467.95 1568.6
10 30 1 1 0 -4.5 -4.5 -9 1279.57 19.1275 1468.75 2767.44
10 31 1 1 1 -4.5 -4.5 -4.5 1328.51 60.0898 1581.34 2969.93
10 32 1 1 2 -4.5 -4.5 0 1264.93 -37.4904 1715.48 2942.92
10 33 1 1 3 -4.5 -4.5 4.5 887.293 -364.886 1612.41 2134.82
10 34 1 1 4 -4.5 -4.5 9 537.563 -612.511 1473.67 1398.72
10 35 1 2 0 -4.5 0 -9 1196.57 11.9131 1537.62 2746.1
10 36 1 2 1 -4.5 0 -4.5 1369.84 57.4267 1701.09 3128.36
10 37 1 2 2 -4.5 0 0 1283.89 -17.3184 1755.16 3021.74
10 38 1 2 3 -4.5 0 4.5 1250.92 87.4443 1600.41 2938.77
10 39 1 2 4 -4.5 0 9 1218.73 43.4795 1517.54 2779.74
10 40 1 3 0 -4.5 4.5 -9 1193.4 -7.46566 1573.27 2759.2
10 41 1 3 1 -4.5 4.5 -4.5 1303 16.0999 1710.16 3029.26
10 42 1 3 2 -4.5 4.5 0 1297.57 44.3626 1757.92 3099.85
10 43 1 3 3 -4.5 4.5 4.5 1393.06 148.078 1643.86 3185
10 44 1 3 4 -4.5 4.5 9 1482.27 268.027 1558.64 3308.94
10 45 1 4 0 -4.5 9 -9 1089.09 -37.7852 1486.11 2537.42
10 46 1 4 1 -4.5 9 -4.5 928.455 -220.37 1587.54 2295.62
10 47 1 4 2 -4.5 9 0 958.018 -285.98 1715.21 2387.24
10 48 1 4 3 -4.5 9 4.5 1214.82 46.0808 1612.36 2873.26
10 49 1 4 4 -4.5 9 9 1111.59 -6.24173 1489.18 2594.53
10 50 2 0 0 0 -9 -9 2114.65 -17.8491 -230.626 1866.17
10 51 2 0 1 0 -9 -4.5 2065.84 -45.8526 -238.178 1781.81
10 52 2 0 2 0 -9 0 2059.42 7.9687 -223.282 1844.11
10 53 2 0 3 0 -9 4.5 2032.01 -51.785 -221.594 1758.63
10 54 2 0 4 0 -9 9 2107.47 15.3992 -226.149 1896.72
10 55 2 1 0 0 -4.5 -9 2221.14 117.914 -238.824 2100.23
10 56 2 1 1 0 -4.5 -4.5 2168.05 57.7061 -229.02 1996.74
10 57 2 1 2 0 -4.5 0 2224.9 144.11 -204.379 2164.63
10 58 2 1 3 0 -4.5 4.5 3031.12 1003.47 -232.738 3801.85
10 59 2 1 4 0 -4.5 9 -1090.93 -3147.32 -241.607 -4479.85
10 60 2 2 0 0 0 -9 2049.51 -55.952 -225.263 1768.3
10 61 2 2 1 0 0 -4.5 2117.44 51.5249 -202.222 1966.75
10 62 2 2 2 0 0 0 2105.81 33.2806 -177.309 1961.79
10 63 2 2 3 0 0 4.5 605.213 -1486.06 -225.046 -1105.89
10 64 2 2 4 0 0 9 2120.85 41.7438 -231.727 1930.86
10 65 2 3 0 0 4.5 -9 531.375 -1548.21 -204.071 -1220.9
10 66 2 3 1 0 4.5 -4.5 2180.57 145.995 -216.256 2110.31
10 67 2 3 2 0 4.5 0 2042.59 -18.2161 -198.07 1826.3
10 68 2 3 3 0 4.5 4.5 1922.32 -116.619 -206.102 1599.6
10 69 2 3 4 0 4.5 9 2060.66 -8.83852 -203.422 1848.4
10 70 2 4 0 0 9 -9 2144.29 70.8036 -221.101 1993.99
10 71 2 4 1 0 9 -4.5 2074.09 22.3459 -235.238 1861.2
10 72 2 4 2 0 9 0 2019.48 9.89783 -221.649 1807.73
10 73 2 4 3 0 9 4.5 1984.17 -79.3237 -212.331 1692.52
10 74 2 4 4 0 9 9 1613.05 -470.079 -215.658 927.313
10 75 3 0 0 4.5 -9 -9 3239.44 149.252 -1892.26 1496.43
10 76 3 0 1 4.5 -9 -4.5 3002.97 27.1705 -2005.12 1025.03
10 77 3 0 2 4.5 -9 0 2949.75 39.7992 -2049.92 939.634
10 78 3 0 3 4.5 -9 4.5 3011.89 16.9039 -1948.22 1080.58
10 79 3 0 4 4.5 -9 9 2922.19 -132.1 -1872.94 917.145
10 80 3 1 0 4.5 -4.5 -9 3019.27 -42.4929 -1914 1062.79
10 81 3 1 1 4.5 -4.5 -4.5 2933.15 -31.9596 -2006.64 894.559
10 82 3 1 2 4.5 -4.5 0 2871.49 -42.3769 -2044.54 784.57
10 83 3 1 3 4.5 -4.5 4.5 2390.47 -576.646 -1975.08 -161.253
10 84 3 1 4 4.5 -4.5 9 3083.2 53.5819 -1903.05 1233.73
10 85 3 2 0 4.5 0 -9 3094.63 49.5018 -1904.64 1239.49
10 86 3 2 1 4.5 0 -4.5 2970.79 2.326 -1985.31 987.805
10 87 3 2 2 4.5 0 0 2961.84 16.7164 -2003.7 974.857
10 88 3 2 3 4.5 0 4.5 2932.04 -45.6003 -1964.32 922.118
10 89 3 2 4 4.5 0 9 3179.21 149.805 -1902.31 1426.7
10 90 3 3 0 4.5 4.5 -9 3106.79 56.3126 -1895 1268.11
10 91 3 3 1 4.5 4.5 -4.5 2881.75 -48.469 -2016.94 816.338
10 92 3 3 2 4.5 4.5 0 2878.85 -26.4801 -2040.54 811.829
10 93 3 3 3 4.5 4.5 4.5 3051.13 70.9085 -1956.29 1165.75
10 94 3 3 4 4.5 4.5 9 2891.71 -158.72 -1881.58 851.413
10 95 3 4 0 4.5 9 -9 3106.91 54.4129 -1888.45 1272.87
10 96 3 4 1 4.5 9 -4.5 2999.83 59.9014 -2005.94 1053.79
10 97 3 4 2 4.5 9 0 2916.23 23.1746 -2049.72 889.685
10 98 3 4 3 4.5 9 4.5 3311.2 317.39 -1943.98 1684.61
10 99 3 4 4 4.5 9 9 3174.87 119.181 -1867.82 1426.24
10 100 4 0 0 9 -9 -9 4250.87 -704.335 -2654.92 891.611
10 101 4 0 1 9 -9 -4.5 4233.51 -633.49 -2793.77 806.25
10 102 4 0 2 9 -9 0 4342.07 -541.151 -2832.91 968.006
10 103 4 0 3 9 -9 4.5 4311.19 -532.333 -2705.49 1073.36
10 104 4 0 4 9 -9 9 4489.74 -447.092 -2632.51 1410.14
10 105 4 1 0 9 -4.5 -9 4459.73 -439.466 -2676.64 1343.62
10 106 4 1 1 9 -4.5 -4.5 4406.55 -438.142 -2789.63 1178.78
10 107 4 1 2 9 -4.5 0 4317.89 -516.556 -2831.59 969.748
10 108 4 1 3 9 -4.5 4.5 4427.47 -415.995 -2730.41 1281.07
10 109 4 1 4 9 -4.5 9 4295.37 -596.656 -2659.16 1039.55
10 110 4 2 0 9 0 -9 4128.63 -817.09 -2662.94 648.601
10 111 4 2 1 9 0 -4.5 4393.55 -474.468 -2754.67 1164.41
10 112 4 2 2 9 0 0 4372.53 -501.909 -2798.33 1072.29
10 113 4 2 3 9 0 4.5 4431.02 -435.197 -2728.94 1266.89
10 114 4 2 4 9 0 9 4495.86 -446.448 -2657.13 1392.28
10 115 4 3 0 9 4.5 -9 4505.7 -394.779 -2648.36 1462.56
10 116 4 3 1 9 4.5 -4.5 4248.51 -590.119 -2776.21 882.189
10 117 4 3 2 9 4.5 0 4350.6 -495.366 -2831.71 1023.53
10 118 4 3 3 9 4.5 4.5 4400.16 -497.724 -2718.75 1183.69
10 119 4 3 4 9 4.5 9 4231.12 -681.055 -2634.93 915.134
10 120 4 4 0 9 9 -9 4359.23 -588.493 -2649.69 1121.05
10 121 4 4 1 9 9 -4.5 4334.72 -527.464 -2788.27 1018.99
10 122 4 4 2 9 9 0 4203.5 -682.98 -2831.78 688.735
10 123 4 4 3 9 9 4.5 4514.98 -345.248 -2701.4 1468.33
10 124 4 4 4 9 9 9 4473.98 -467.321 -2626.87 1379.79
11 0 0 0 0 -9 -9 -9 922.659 872.689 2453.4 4248.74
11 1 0 0 1 -9 -9 -4.5 318.454 295.972 2612.38 3226.8
11 2 0 0 2 -9 -9 0 1083.94 1680.04 2872.37 5636.34
11 3 0 0 3 -9 -9 4.5 419.136 657.202 2707.28 3783.62
11 4 0 0 4 -9 -9 9 203.748 269.636 2473.02 2946.4
11 5 0 1 0 -9 -4.5 -9 2723.1 2774.29 2454.7 7952.08
11 6 0 1 1 -9 -4.5 -4.5 469.757 560.541 2648.8 3679.1
11 7 0 1 2 -9 -4.5 0 1147.98 1620.06 2909.37 5677.42
11 8 0 1 3 -9 -4.5 4.5 1864.14 2398.88 2757.04 7020.07
11 9 0 1 4 -9 -4.5 9 446.54 650.733 2479.07 3576.35
11 10 0 2 0 -9 0 -9 287.084 409.761 2585.17 3282.02
11 11 0 2 1 -9 0 -4.5 2682.6 3191.25 2879.55 8753.4
11 12 0 2 2 -9 0 0 3789.01 4455.19 2993.04 11237.2
11 13 0 2 3 -9 0 4.5 214.125 232.376 2725.35 3171.85
11 14 0 2 4 -9 0 9 209.631 175.062 2555.02 2939.71
11 15 0 3 0 -9 4.5 -9 2717.34 2931.57 2664.56 8313.47
11 16 0 3 1 -9 4.5 -4.5 543.64 948.735 2905.62 4397.99
11 17 0 3 2 -9 4.5 0 602.344 1014.73 2978.06 4595.13
11 18 0 3 3 -9 4.5 4.5 529.509 955.379 2790.23 4275.12
11 19 0 3 4 -9 4.5 9 250.72 454.394 2641.19 3346.31
11 20 0 4 0 -9 9 -9 273.07 320.541 2498.93 3092.54
11 21 0 4 1 -9 9 -4.5 181.694 300.159 2664.49 3146.34
11 22 0 4 2 -9 9 0 946.794 1541.49 2890.15 5378.43
11 23 0 4 3 -9 9 4.5 100.746 309.84 2718 3128.59
11 24 0 4 4 -9 9 9 258.692 338.188 2508.7 3105.58
11 25 1 0 0 -4.5 -9 -9 829.038 -483.094 1459.92 1805.86
11 26 1 0 1 -4.5 -9 -4.5 1383.16 83.907 1552.42 3019.49
11 27 1 0 2 -4.5 -9 0 1283.18 -39.5201 1680.18 2923.85
11 28 1 0 3 -4.5 -9 4.5 2397.73 1202 1587.29 5187.02
11 29 1 0 4 -4.5 -9 9 608.719 -531.58 1468.68 1545.82
11 30 1 1 0 -4.5 -4.5 -9 1226.82 -15.436 1459.87 2671.26
11 31 1 1 1 -4.5 -4.5 -4.5 1300.72 36.6217 1579.44 2916.79
11 32 1 1 2 -4.5 -4.5 0 1274.04 -13.846 1703.82 2964.01
11 33 1 1 3 -4.5 -4.5 4.5 1004.88 -245.127 1607.99 2367.74
11 34 1 1 4 -4.5 -4.5 9 778.448 -365.692 1467.63 1880.39
11 35 1 2 0 -4.5 0 -9 1147.84 -40.2864 1540.44 2647.99
11 36 1 2 1 -4.5 0 -4.5 1283.91 -30.4295 1701.86 2955.34
11 37 1 2 2 -4.5 0 0 1303.81 -17.5723 1763.06 3049.3
11 38 1 2 3 -4.5 0 4.5 1318.8 138.041 1607.3 3064.14
11 39 1 2 4 -4.5 0 9 1171.71 -16.475 1522.14 2677.38
11 40 1 3 0 -4.5 4.5 -9 1144.34 -81.1909 1585.99 2649.13
11 41 1 3 1 -4.5 4.5 -4.5 1857.7 554.717 1709.53 4121.95
11 42 1 3 2 -4.5 4.5 0 1390.14 111.071 1757.79 3259
11 43 1 3 3 -4.5 4.5 4.5 1405.47 140.236 1642.31 3188.01
11 44 1 3 4 -4.5 4.5 9 2110.08 862.208 1571.22 4543.51
11 45 1 4 0 -4.5 9 -9 1113.74 -33.8349 1491.16 2571.07
11 46 1 4 1 -4.5 9 -4.5 1034.25 -130.41 1578.86 2482.7
11 47 1 4 2 -4.5 9 0 1154.61 -106.74 1692.88 2740.75
11 48 1 4 3 -4.5 9 4.5 1236.57 47.5371 1598.66 2882.77
11 49 1 4 4 -4.5 9 9 1186.57 36.0499 1495.1 2717.72
11 50 2 0 0 0 -9 -9 2109.73 13.3886 -247.735 1875.39
11 51 2 0 1 0 -9 -4.5 2382.54 284.117 -240.354 2426.3
11 52 2 0 2 0 -9 0 2047.39 11.7765 -234.147 1825.02
11 53 2 0 3 0 -9 4.5 2035.05 -23.5543 -251.593 1759.9
11 54 2 0 4 0 -9 9 1947.11 -116.94 -246.944 1583.23
11 55 2 1 0 0 -4.5 -9 2335.34 239.339 -234.836 2339.84
11 56 2 1 1 0 -4.5 -4.5 2192.94 91.8001 -223.382 2061.36
11 57 2 1 2 0 -4.5 0 2116.77 72.9127 -234.796 1954.88
11 58 2 1 3 0 -4.5 4.5 2140.77 138.451 -254.661 2024.56
11 59 2 1 4 0 -4.5 9 -3244.11 -5303.9 -240.08 -8788.09
11 60 2 2 0 0 0 -9 2206.43 96.078 -206.144 2096.36
11 61 2 2 1 0 0 -4.5 2134.66 67.0141 -197.953 2003.72
11 62 2 2 2 0 0 0 2071.69 31.0431 -207.009 1895.72
11 63 2 2 3 0 0 4.5 -6645.65 -8727.23 -240.435 -15613.3
11 64 2 2 4 0 0 9 2054.57 -41.0252 -215.635 1797.91
11 65 2 3 0 0 4.5 -9 1609.48 -475.47 -199.57 934.441
11 66 2 3 1 0 4.5 -4.5 3280.54 1235.4 -206.655 4309.28
11 67 2 3 2 0 4.5 0 2048.54 -6.99188 -212.226 1829.32
11 68 2 3 3 0 4.5 4.5 2031.01 -1.45988 -232.877 1796.67
11 69 2 3 4 0 4.5 9 1847.02 -237.549 -205.908 1403.56
11 70 2 4 0 0 9 -9 1905.88 -147.555 -236.774 1521.55
11 71 2 4 1 0 9 -4.5 2079.61 23.2377 -235.578 1867.27
11 72 2 4 2 0 9 0 2026.92 14.5571 -230.886 1810.59
11 73 2 4 3 0 9 4.5 2121.61 65.9686 -244.649 1942.93
11 74 2 4 4 0 9 9 1943.67 -131.022 -236.83 1575.82
11 75 3 0 0 4.5 -9 -9 2990.4 -50.1772 -1910.9 1029.33
11 76 3 0 1 4.5 -9 -4.5 3073.5 106.645 -1986.43 1193.71
11 77 3 0 2 4.5 -9 0 3368.07 483.221 -2061.57 1789.71
11 78 3 0 3 4.5 -9 4.5 3248.82 334.882 -2018.58 1565.12
11 79 3 0 4 4.5 -9 9 3100.19 84.7047 -1913.09 1271.81
11 80 3 1 0 4.5 -4.5 -9 2361.13 -694.102 -1888.94 -221.905
11 81 3 1 1 4.5 -4.5 -4.5 3024.58 55.8502 -1977.89 1102.54
11 82 3 1 2 4.5 -4.5 0 2808.57 -73.4616 -2064.61 670.495
11 83 3 1 3 4.5 -4.5 4.5 2891.08 -52.5042 -1994.11 844.456
11 84 3 1 4 4.5 -4.5 9 3063.94 22.6829 -1886.88 1199.74
11 85 3 2 0 4.5 0 -9 3099.06 53.508 -1885.7 1266.87
11 86 3 2 1 4.5 0 -4.5 2993.24 36.304 -1975.38 1054.17
11 87 3 2 2 4.5 0 0 2915.75 14.6288 -2035.68 894.707
11 88 3 2 3 4.5 0 4.5 2968.59 1.81647 -1973.22 997.183
11 89 3 2 4 4.5 0 9 3118.75 61.9592 -1884.92 1295.79
11 90 3 3 0 4.5 4.5 -9 3133.83 112 -1899.68 1346.15
11 91 3 3 1 4.5 4.5 -4.5 2907.22 -38.7284 -1987.79 880.701
11 92 3 3 2 4.5 4.5 0 2843.34 -44.2983 -2060.23 738.807
11 93 3 3 3 4.5 4.5 4.5 2962.48 25.0046 -2015.63 971.855
11 94 3 3 4 4.5 4.5 9 2856.01 -195.418 -1902.65 757.947
11 95 3 4 0 4.5 9 -9 2994.45 -16.9308 -1914.62 1062.9
11 96 3 4 1 4.5 9 -4.5 2669.64 -276.899 -1985.79 406.945
11 97 3 4 2 4.5 9 0 2905.66 19.4961 -2062.09 863.063
11 98 3 4 3 4.5 9 4.5 2588.75 -347.154 -2024.26 217.333
11 99 3 4 4 4.5 9 9 2936.98 -109.657 -1918.03 909.294
11 100 4 0 0 9 -9 -9 4136.37 -741.035 -2657.07 738.264
11 101 4 0 1 9 -9 -4.5 4414.7 -438.36 -2753.8 1222.54
11 102 4 0 2 9 -9 0 4391.85 -470.08 -2841.68 1080.1
11 103 4 0 3 9 -9 4.5 4212.52 -628.015 -2782.27 802.235
11 104 4 0 4 9 -9 9 4544.95 -329.983 -2661.07 1553.89
11 105 4 1 0 9 -4.5 -9 4487.79 -405.672 -2636.49 1445.62
11 106 4 1 1 9 -4.5 -4.5 4389.18 -456.405 -2738.44 1194.34
11 107 4 1 2 9 -4.5 0 4377.82 -418.009 -2820.02 1139.79
11 108 4 1 3 9 -4.5 4.5 4481.94 -335.528 -2731.36 1415.06
11 109 4 1 4 9 -4.5 9 4316.62 -569.942 -2630.85 1115.83
11 110 4 2 0 9 0 -9 4211.45 -672.276 -2641.94 897.229
11 111 4 2 1 9 0 -4.5 4395.53 -470.546 -2724.75 1200.23
11 112 4 2 2 9 0 0 4290.82 -587.657 -2797.45 905.712
11 113 4 2 3 9 0 4.5 4347.65 -532.3 -2725.91 1089.44
11 114 4 2 4 9 0 9 4502.67 -388.872 -2642.12 1471.68
11 115 4 3 0 9 4.5 -9 4497.41 -407.185 -2661.57 1428.66
11 116 4 3 1 9 4.5 -4.5 4352.2 -460.194 -2743.26 1148.74
11 117 4 3 2 9 4.5 0 4394.52 -411.59 -2834.89 1148.04
11 118 4 3 3 9 4.5 4.5 4287.45 -600.823 -2783.89 902.744
11 119 4 3 4 9 4.5 9 4453.25 -483.03 -2669.38 1300.84
11 120 4 4 0 9 9 -9 4463.43 -413.382 -2665.39 1384.67
11 121 4 4 1 9 9 -4.5 4432.74 -410.986 -2752.49 1269.26
11 122 4 4 2 9 9 0 3844.14 -1025.66 -2842.9 -24.4207
11 123 4 4 3 9 9 4.5 4322.99 -548.193 -2793 981.797
11 124 4 4 4 9 9 9 4389.81 -506.968 -2671.32 1211.53
12 0 0 0 0 -9 -9 -9 1167.76 1120.12 2461.92 4749.8
12 1 0 0 1 -9 -9 -4.5 443.511 436.421 2626.64 3506.57
12 2 0 0 2 -9 -9 0 1091.6 1707.91 2900.06 5699.57
12 3 0 0 3 -9 -9 4.5 509.077 740.4 2714.15 3963.63
12 4 0 0 4 -9 -9 9 235.567 296.615 2480.39 3012.57
12 5 0 1 0 -9 -4.5 -9 233.37 255.479 2465.42 2954.27
12 6 0 1 1 -9 -4.5 -4.5 496.16 564.148 2642.83 3703.14
12 7 0 1 2 -9 -4.5 0 678.712 1149.08 2907.36 4735.15
12 8 0 1 3 -9 -4.5 4.5 1457.24 1990.92 2758.23 6206.39
12 9 0 1 4 -9 -4.5 9 480.303 662.414 2491.08 3633.8
12 10 0 2 0 -9 0 -9 485.671 637.453 2589.15 3712.28
12 11 0 2 1 -9 0 -4.5 2817.33 3327.55 2869.93 9014.81
12 12 0 2 2 -9 0 0 3796.92 4450.97 2975.35 11223.2
12 13 0 2 3 -9 0 4.5 189.871 192.206 2708.22 3090.3
12 14 0 2 4 -9 0 9 234.266 221.211 2559.23 3014.7
12 15 0 3 0 -9 4.5 -9 3351.74 3548.86 2653.34 9553.93
12 16 0 3 1 -9 4.5 -4.5 539.804 936.434 2896.91 4373.15
12 17 0 3 2 -9 4.5 0 748.574 1277.44 2975 5001.02
12 18 0 3 3 -9 4.5 4.5 545.59 954.92 2777.27 4277.78
12 19 0 3 4 -9 4.5 9 228.478 408.741 2631.23 3268.45
12 20 0 4 0 -9 9 -9 304.585 357.74 2501.98 3164.31
12 21 0 4 1 -9 9 -4.5 237.756 379.325 2676.37 3293.45
12 22 0 4 2 -9 9 0 1007.52 1660.1 2916.54 5584.17
12 23 0 4 3 -9 9 4.5 82.705 281.064 2720.87 3084.64
12 24 0 4 4 -9 9 9 272.749 344.836 2510.7 3128.28
12 25 1 0 0 -4.5 -9 -9 938.576 -400.048 1475.04 2013.57
12 26 1 0 1 -4.5 -9 -4.5 1418.34 89.4369 1572.16 3079.94
12 27 1 0 2 -4.5 -9 0 1321.87 -42.2134 1713.15 2992.8
12 28 1 0 3 -4.5 -9 4.5 1529.83 315.645 1598.45 3443.93
12 29 1 0 4 -4.5 -9 9 756.338 -409.479 1482.44 1829.3
12 30 1 1 0 -4.5 -4.5 -9 1279.06 9.50239 1476.75 2765.31
12 31 1 1 1 -4.5 -4.5 -4.5 1316.06 37.1771 1585.34 2938.58
12 32 1 1 2 -4.5 -4.5 0 1279.59 -36.7317 1722.26 2965.12
12 33 1 1 3 -4.5 -4.5 4.5 999.043 -275.008 1620.81 2344.85
12 34 1 1 4 -4.5 -4.5 9 1038.24 -132.957 1484.27 2389.55
12 35 1 2 0 -4.5 0 -9 1122.22 -92.6148 1550.83 2580.44
12 36 1 2 1 -4.5 0 -4.5 1314.64 -17.3426 1708.01 3005.3
12 37 1 2 2 -4.5 0 0 1308.99 -23.7068 1767.33 3052.61
12 38 1 2 3 -4.5 0 4.5 1332.04 135.25 1612.91 3080.2
12 39 1 2 4 -4.5 0 9 1231.54 12.3652 1534.72 2778.63
12 40 1 3 0 -4.5 4.5 -9 1206.9 -29.6077 1589.96 2767.26
12 41 1 3 1 -4.5 4.5 -4.5 1867.86 554.823 1720.77 4143.45
12 42 1 3 2 -4.5 4.5 0 1363.27 65.8494 1769.82 3198.94
12 43 1 3 3 -4.5 4.5 4.5 1398.38 128.675 1641.72 3168.77
12 44 1 3 4 -4.5 4.5 9 1879.97 612.251 1575.87 4068.1
12 45 1 4 0 -4.5 9 -9 1234.37 68.379 1503.34 2806.09
12 46 1 4 1 -4.5 9 -4.5 886.975 -295.668 1599.44 2190.75
12 47 1 4 2 -4.5 9 0 1182.09 -102.008 1723.83 2803.91
12 48 1 4 3 -4.5 9 4.5 1205.55 4.51645 1607.67 2817.74
12 49 1 4 4 -4.5 9 9 1511.36 332.663 1506.39 3350.42
12 50 2 0 0 0 -9 -9 2098.57 -33.2798 -227.331 1837.96
12 51 2 0 1 0 -9 -4.5 2849.8 705.855 -207.447 3348.2
12 52 2 0 2 0 -9 0 2108.32 25.5512 -197.213 1936.65
12 53 2 0 3 0 -9 4.5 2049.91 -35.9664 -238.519 1775.42
12 54 2 0 4 0 -9 9 1982.88 -113.012 -232.407 1637.46
12 55 2 1 0 0 -4.5 -9 2158.94 49.7592 -241.283 1967.41
12 56 2 1 1 0 -4.5 -4.5 2197.22 69.513 -214.025 2052.71
12 57 2 1 2 0 -4.5 0 2181.53 83.7255 -205.933 2059.32
12 58 2 1 3 0 -4.5 4.5 1989.53 -33.5598 -254.406 1701.56
12 59 2 1 4 0 -4.5 9 899.888 -1169.81 -252.506 -522.427
12 60 2 2 0 0 0 -9 2077.74 -25.0808 -222.248 1830.41
12 61 2 2 1 0 0 -4.5 2203.56 111.518 -187.357 2127.72
12 62 2 2 2 0 0 0 2106.46 24.4022 -174.605 1956.26
12 63 2 2 3 0 0 4.5 -14103.3 -16214.6 -224.532 -30542.4
12 64 2 2 4 0 0 9 1985.31 -105.71 -231.342 1648.26
12 65 2 3 0 0 4.5 -9 506.216 -1598.08 -186.556 -1278.42
12 66 2 3 1 0 4.5 -4.5 2414.18 319.69 -170.622 2563.25
12 67 2 3 2 0 4.5 0 2085.39 -14.1533 -167.351 1903.89
12 68 2 3 3 0 4.5 4.5 2053.22 -22.2605 -207.877 1823.09
12 69 2 3 4 0 4.5 9 2051.18 -51.7285 -197.251 1802.2
12 70 2 4 0 0 9 -9 968.595 -1114.9 -211.144 -357.449
12 71 2 4 1 0 9 -4.5 2179.76 77.2967 -193.595 2063.46
12 72 2 4 2 0 9 0 2083.45 26.9628 -186.307 1924.1
12 73 2 4 3 0 9 4.5 2137.93 53.7425 -222.439 1969.23
12 74 2 4 4 0 9 9 2034.87 -68.4219 -215.804 1750.64
12 75 3 0 0 4.5 -9 -9 3021.46 -58.7756 -1892.81 1069.88
12 76 3 0 1 4.5 -9 -4.5 4299.31 1291.36 -1969.41 3621.26
12 77 3 0 2 4.5 -9 0 3123.45 198.234 -2051.31 1270.37
12 78 3 0 3 4.5 -9 4.5 2810 -140.182 -2015.09 654.732
12 79 3 0 4 4.5 -9 9 3243.39 189.738 -1903.99 1529.14
12 80 3 1 0 4.5 -4.5 -9 3007.75 -28.6356 -1928.69 1050.43
12 81 3 1 1 4.5 -4.5 -4.5 3216.21 238.352 -1995.02 1459.54
12 82 3 1 2 4.5 -4.5 0 2856.36 -46.7627 -2064.81 744.79
12 83 3 1 3 4.5 -4.5 4.5 2873.6 -62.9086 -2029.25 781.442
12 84 3 1 4 4.5 -4.5 9 3013.94 -3.77757 -1938.65 1071.52
12 85 3 2 0 4.5 0 -9 2979.27 -43.6555 -1928.5 1007.12
12 86 3 2 1 4.5 0 -4.5 3029.51 56.8879 -1980.77 1105.62
12 87 3 2 2 4.5 0 0 2930.64 -38.2692 -2000.57 891.799
12 88 3 2 3 4.5 0 4.5 2903.85 -86.492 -1979.64 837.717
12 89 3 2 4 4.5 0 9 3676.28 645.491 -1937.12 2384.65
12 90 3 3 0 4.5 4.5 -9 3055.65 13.5262 -1892.92 1176.25
12 91 3 3 1 4.5 4.5 -4.5 3599.63 607.052 -1951.37 2255.31
12 92 3 3 2 4.5 4.5 0 2939.66 -15.2034 -2006.44 918.014
12 93 3 3 3 4.5 4.5 4.5 3112.69 140.972 -1991.22 1262.44
12 94 3 3 4 4.5 4.5 9 2765.96 -294.426 -1909.67 561.865
12 95 3 4 0 4.5 9 -9 3093.05 47.9035 -1884.91 1256.05
12 96 3 4 1 4.5 9 -4.5 2508.86 -477.042 -1951.91 79.9161
12 97 3 4 2 4.5 9 0 2748.68 -177.948 -2030.64 540.099
12 98 3 4 3 4.5 9 4.5 2793.82 -171.242 -2004.38 618.201
12 99 3 4 4 4.5 9 9 2972 -101.349 -1896.77 973.881
12 100 4 0 0 9 -9 -9 4507.82 -392.753 -2657.28 1457.78
12 101 4 0 1 9 -9 -4.5 4412.43 -442.004 -2752.05 1218.37
12 102 4 0 2 9 -9 0 4395.24 -451.883 -2847.82 1095.53
12 103 4 0 3 9 -9 4.5 4443.91 -373.304 -2785.09 1285.52
12 104 4 0 4 9 -9 9 4556.28 -332.968 -2665.87 1557.44
12 105 4 1 0 9 -4.5 -9 4459.25 -436.771 -2687.59 1334.89
12 106 4 1 1 9 -4.5 -4.5 4397.8 -437.868 -2775.05 1184.88
12 107 4 1 2 9 -4.5 0 4170.57 -707.284 -2853.14 610.142
12 108 4 1 3 9 -4.5 4.5 4414.08 -428.326 -2781.49 1204.26
12 109 4 1 4 9 -4.5 9 4044.41 -851.876 -2689.87 502.665
12 110 4 2 0 9 0 -9 4301.45 -581.942 -2681.08 1038.43
12 111 4 2 1 9 0 -4.5 4392.94 -500.404 -2742.89 1149.65
12 112 4 2 2 9 0 0 4259.54 -618.125 -2779.3 862.111
12 113 4 2 3 9 0 4.5 4525 -345.722 -2746.97 1432.3
12 114 4 2 4 9 0 9 4436.94 -436.285 -2690.77 1309.89
12 115 4 3 0 9 4.5 -9 4538.46 -346.93 -2657.96 1533.57
12 116 4 3 1 9 4.5 -4.5 4423.64 -430.067 -2725.42 1268.16
12 117 4 3 2 9 4.5 0 4377.25 -468.226 -2807.53 1101.49
12 118 4 3 3 9 4.5 4.5 4321.6 -619.053 -2775.91 926.634
12 119 4 3 4 9 4.5 9 4531.18 -382.078 -2675.9 1473.2
12 120 4 4 0 9 9 -9 4384.68 -503.654 -2652.4 1228.62
12 121 4 4 1 9 9 -4.5 4452.07 -404.87 -2734.65 1312.56
12 122 4 4 2 9 9 0 4336.7 -504.578 -2829.34 1002.78
12 123 4 4 3 9 9 4.5 4285.65 -561.392 -2783.64 940.617
12 124 4 4 4 9 9 9 4248.4 -646.166 -2664.01 938.226
