-20 -3 0 2.10075
-20 -3 1 4.32766
-20 -2 0 -97.3831
-20 -2 1 -34.533
-20 -1 0 -184.65
-20 -1 1 -81.3489
-20 0 0 -159.469
-20 0 1 -177.226
-20 1 0 -30.1188
-20 1 1 322.539
-20 2 0 -64.6121
-20 2 1 236.41
-20 3 0 104.986
-20 3 1 74.627
-18.85 -3 0 1.22281
-18.85 -3 1 -9.07516
-18.85 -2 0 -132.948
-18.85 -2 1 -64.3577
-18.85 -1 0 -260.9
-18.85 -1 1 -97.3319
-18.85 0 0 -192.685
-18.85 0 1 -143.116
-18.85 1 0 -550.774
-18.85 1 1 -463.379
-18.85 2 0 -1196.56
-18.85 2 1 -558.205
-18.85 3 0 -6.13978
-18.85 3 1 -33.8153
-17.7 -3 0 17.6857
-17.7 -3 1 -16.7627
-17.7 -2 0 -65.9678
-17.7 -2 1 -70.0754
-17.7 -1 0 -94.8573
-17.7 -1 1 -106.861
-17.7 0 0 -119.299
-17.7 0 1 -142.681
-17.7 1 0 -273.55
-17.7 1 1 -261.923
-17.7 2 0 -274.317
-17.7 2 1 -259.886
-17.7 3 0 44.842
-17.7 3 1 -8.16055
-16.55 -3 0 19.1687
-16.55 -3 1 -24.9007
-16.55 -2 0 -42.4232
-16.55 -2 1 -64.8335
-16.55 -1 0 -80.6279
-16.55 -1 1 -100.96
-16.55 0 0 -149.661
-16.55 0 1 -162.063
-16.55 1 0 -429.402
-16.55 1 1 -566.382
-16.55 2 0 -350.514
-16.55 2 1 -469.823
-16.55 3 0 38.4528
-16.55 3 1 -21.4287
-15.4 -3 0 17.8451
-15.4 -3 1 -35.9224
-15.4 -2 0 -10.1614
-15.4 -2 1 -48.9205
-15.4 -1 0 -99.5109
-15.4 -1 1 -80.508
-15.4 0 0 -71.3804
-15.4 0 1 -97.4076
-15.4 1 0 375.43
-15.4 1 1 -428.682
-15.4 2 0 -214.645
-15.4 2 1 -453.145
-15.4 3 0 37.7007
-15.4 3 1 -20.5273
-14.25 -3 0 14.5504
-14.25 -3 1 -65.6845
-14.25 -2 0 155.335
-14.25 -2 1 -42.6448
-14.25 -1 0 -0.125079
-14.25 -1 1 -96.2038
-14.25 0 0 -109.986
-14.25 0 1 -227.631
-14.25 1 0 39.3322
-14.25 1 1 -242.287
-14.25 2 0 -34.1726
-14.25 2 1 -113.558
-14.25 3 0 21.6835
-14.25 3 1 -14.6963
-13.1 -3 0 2.80545
-13.1 -3 1 -55.7313
-13.1 -2 0 30.6268
-13.1 -2 1 -52.9088
-13.1 -1 0 -51.0212
-13.1 -1 1 -106.037
-13.1 0 0 -185.3
-13.1 0 1 -415.636
-13.1 1 0 -322.189
-13.1 1 1 -1653.53
-13.1 2 0 -175.247
-13.1 2 1 -184.434
-13.1 3 0 -10.034
-13.1 3 1 -17.7898
-11.95 -3 0 84.3277
-11.95 -3 1 -13.9093
-11.95 -2 0 38.7274
-11.95 -2 1 -107.477
-11.95 -1 0 -247.518
-11.95 -1 1 -218.023
-11.95 0 0 -74.4642
-11.95 0 1 460.599
-11.95 1 0 -178.31
-11.95 1 1 -38.9829
-11.95 2 0 -160.419
-11.95 2 1 -135.513
-11.95 3 0 -21.364
-11.95 3 1 -42.8417
-10.8 -3 0 240.401
-10.8 -3 1 42.1925
-10.8 -2 0 1185.87
-10.8 -2 1 -153.337
-10.8 -1 0 -1873.77
-10.8 -1 1 -651.845
-10.8 0 0 -42.1449
-10.8 0 1 -243.75
-10.8 1 0 -173.614
-10.8 1 1 -518.941
-10.8 2 0 -155.567
-10.8 2 1 -400.62
-10.8 3 0 -29.8121
-10.8 3 1 -112.319
-9.65 -3 0 36.4308
-9.65 -3 1 36.2382
-9.65 -2 0 -23.5725
-9.65 -2 1 94.0766
-9.65 -1 0 -139.434
-9.65 -1 1 87.3682
-9.65 0 0 -93.9587
-9.65 0 1 -55.5248
-9.65 1 0 -37.3359
-9.65 1 1 1503.91
-9.65 2 0 -82.5521
-9.65 2 1 -273.076
-9.65 3 0 -13.8459
-9.65 3 1 -95.0491
-8.5 -3 0 -17.2466
-8.5 -3 1 27.6363
-8.5 -2 0 -42.0198
-8.5 -2 1 10.2104
-8.5 -1 0 -124.187
-8.5 -1 1 -88.4426
-8.5 0 0 -422.404
-8.5 0 1 -241.46
-8.5 1 0 -365.121
-8.5 1 1 -51.8848
-8.5 2 0 -80.3518
-8.5 2 1 -34.7042
-8.5 3 0 5.85485
-8.5 3 1 -24.5232
-7.35 -3 0 -64.2582
-7.35 -3 1 3.28804
-7.35 -2 0 -163.497
-7.35 -2 1 -33.4744
-7.35 -1 0 -147.405
-7.35 -1 1 -82.7002
-7.35 0 0 -161.705
-7.35 0 1 -251.9
-7.35 1 0 -535.885
-7.35 1 1 3081.92
-7.35 2 0 -46.8209
-7.35 2 1 69.3127
-7.35 3 0 14.048
-7.35 3 1 -2.61611
-6.2 -3 0 -70.9521
-6.2 -3 1 2.22964
-6.2 -2 0 -262.001
-6.2 -2 1 -33.1682
-6.2 -1 0 -221.161
-6.2 -1 1 -18.6229
-6.2 0 0 178.057
-6.2 0 1 60.2071
-6.2 1 0 99.8574
-6.2 1 1 119.335
-6.2 2 0 28.5886
-6.2 2 1 21.2393
-6.2 3 0 12.3128
-6.2 3 1 -8.49435
-5.05 -3 0 -8.31084
-5.05 -3 1 37.4661
-5.05 -2 0 -33.6109
-5.05 -2 1 41.7039
-5.05 -1 0 -50.4078
-5.05 -1 1 29.1389
-5.05 0 0 -87.5124
-5.05 0 1 -72.5236
-5.05 1 0 28.5455
-5.05 1 1 -112.336
-5.05 2 0 32.9464
-5.05 2 1 -41.7916
-5.05 3 0 -2.64967
-5.05 3 1 -20.7777
-3.9 -10 0 301.911
-3.9 -10 1 473.419
-3.9 -9 0 212.358
-3.9 -9 1 226.982
-3.9 -8 0 199.063
-3.9 -8 1 194.619
-3.9 -7 0 192.504
-3.9 -7 1 191.426
-3.9 -6 0 162.297
-3.9 -6 1 165.781
-3.9 -5 0 126.467
-3.9 -5 1 131.199
-3.9 -4 0 71.824
-3.9 -4 1 86.5168
-3.9 -3 0 -5.60618
-3.9 -3 1 45.3106
-3.9 -2 0 81.9801
-3.9 -2 1 77.8249
-3.9 -1 0 263.883
-3.9 -1 1 78.2321
-3.9 0 0 -588.497
-3.9 0 1 -293.022
-3.9 1 0 -1622.49
-3.9 1 1 -462.424
-3.9 2 0 28.7722
-3.9 2 1 -54.4393
-3.9 3 0 6.60789
-3.9 3 1 -24.4612
-3.9 4 0 -16.1845
-3.9 4 1 -47.2864
-3.9 5 0 -35.6337
-3.9 5 1 -84.7106
-3.9 6 0 -23.8959
-3.9 6 1 -68.1859
-3.9 7 0 11.7709
-3.9 7 1 -9.81691
-3.9 8 0 55.6087
-3.9 8 1 47.6014
-3.9 9 0 94.3999
-3.9 9 1 97.7329
-3.9 10 0 86.8374
-3.9 10 1 105.233
-2.75 -10 0 164.105
-2.75 -10 1 -26.6332
-2.75 -9 0 121.896
-2.75 -9 1 -41.3588
-2.75 -8 0 301.694
-2.75 -8 1 232.561
-2.75 -7 0 316.8
-2.75 -7 1 273.119
-2.75 -6 0 173.568
-2.75 -6 1 200.086
-2.75 -5 0 183.081
-2.75 -5 1 188.276
-2.75 -4 0 139.861
-2.75 -4 1 135.844
-2.75 -3 0 -114.698
-2.75 -3 1 0.522419
-2.75 -2 0 -1091.12
-2.75 -2 1 -62.3693
-2.75 -1 0 -105.524
-2.75 -1 1 67.086
-2.75 0 0 115.261
-2.75 0 1 85.14
-2.75 1 0 1053.97
-2.75 1 1 259.32
-2.75 2 0 279.044
-2.75 2 1 -0.688808
-2.75 3 0 212.369
-2.75 3 1 -30.7745
-2.75 4 0 47.1553
-2.75 4 1 -49.4136
-2.75 5 0 -44.2836
-2.75 5 1 -239.783
-2.75 6 0 -28.5069
-2.75 6 1 -168.682
-2.75 7 0 17.3325
-2.75 7 1 -13.0824
-2.75 8 0 71.1015
-2.75 8 1 71.9511
-2.75 9 0 192.877
-2.75 9 1 257.171
-2.75 10 0 173.895
-2.75 10 1 336.853
-1.6 -10 0 -47.3199
-1.6 -10 1 -734.762
-1.6 -9 0 24.0887
-1.6 -9 1 -161.715
-1.6 -8 0 436.46
-1.6 -8 1 181.292
-1.6 -7 0 216.698
-1.6 -7 1 -325.913
-1.6 -6 0 -50.5516
-1.6 -6 1 44.4997
-1.6 -5 0 263.601
-1.6 -5 1 282.271
-1.6 -4 0 397.106
-1.6 -4 1 420.314
-1.6 -3 0 49.1906
-1.6 -3 1 -2.2641
-1.6 -2 0 -201.829
-1.6 -2 1 25.152
-1.6 -1 0 1487.27
-1.6 -1 1 145.9
-1.6 0 0 333.033
-1.6 0 1 153.752
-1.6 1 0 222.848
-1.6 1 1 69.4072
-1.6 2 0 185.155
-1.6 2 1 -297.629
-1.6 3 0 1237.61
-1.6 3 1 -41.4825
-1.6 4 0 -97.2088
-1.6 4 1 60.7131
-1.6 5 0 -23.5718
-1.6 5 1 -161.324
-1.6 6 0 21.8007
-1.6 6 1 22.0421
-1.6 7 0 54.5429
-1.6 7 1 77.2482
-1.6 8 0 66.8123
-1.6 8 1 89.5167
-1.6 9 0 42.1295
-1.6 9 1 -44.9137
-1.6 10 0 -165.361
-1.6 10 1 -4397.55
-0.45 -10 0 47.671
-0.45 -10 1 37.244
-0.45 -9 0 12.718
-0.45 -9 1 -9.86611
-0.45 -8 0 66.5083
-0.45 -8 1 -15.8015
-0.45 -7 0 -203.372
-0.45 -7 1 -303.808
-0.45 -6 0 10.5983
-0.45 -6 1 123.677
-0.45 -5 0 98.6515
-0.45 -5 1 374.53
-0.45 -4 0 121.251
-0.45 -4 1 -142.328
-0.45 -3 0 204.318
-0.45 -3 1 5.78258
-0.45 -2 0 200.197
-0.45 -2 1 83.1527
-0.45 -1 0 232.125
-0.45 -1 1 38.8205
-0.45 0 0 187.701
-0.45 0 1 -8.29824
-0.45 1 0 214.486
-0.45 1 1 51.2316
-0.45 2 0 172.438
-0.45 2 1 63.3545
-0.45 3 0 -49.9554
-0.45 3 1 67.4431
-0.45 4 0 182.821
-0.45 4 1 29.3219
-0.45 5 0 360.791
-0.45 5 1 -154.719
-0.45 6 0 2.11011
-0.45 6 1 62.5905
-0.45 7 0 111.639
-0.45 7 1 -79.3114
-0.45 8 0 218.559
-0.45 8 1 682.761
-0.45 9 0 -38.6075
-0.45 9 1 -34.7743
-0.45 10 0 -88.4372
-0.45 10 1 -323.235
0.7 -10 0 32.9679
0.7 -10 1 4.11046
0.7 -9 0 -1154.08
0.7 -9 1 -131.068
0.7 -8 0 33.9903
0.7 -8 1 -56.3375
0.7 -7 0 165.292
0.7 -7 1 131.768
0.7 -6 0 404.75
0.7 -6 1 667.759
0.7 -5 0 -56.8063
0.7 -5 1 -111.796
0.7 -4 0 15.2157
0.7 -4 1 62.1195
0.7 -3 0 128.049
0.7 -3 1 73.6556
0.7 -2 0 132.993
0.7 -2 1 73.1577
0.7 -1 0 105.199
0.7 -1 1 63.5396
0.7 0 0 90.3219
0.7 0 1 -16.945
0.7 1 0 108.418
0.7 1 1 57.6793
0.7 2 0 212.824
0.7 2 1 96.6257
0.7 3 0 133.772
0.7 3 1 81.7728
0.7 4 0 131.597
0.7 4 1 42.5158
0.7 5 0 -802.239
0.7 5 1 -1189.34
0.7 6 0 -119.704
0.7 6 1 427.644
0.7 7 0 26.3313
0.7 7 1 -113.884
0.7 8 0 20.7167
0.7 8 1 -100.814
0.7 9 0 27.5108
0.7 9 1 145.464
0.7 10 0 300.009
0.7 10 1 64.3769
1.85 -10 0 155.162
1.85 -10 1 79.9507
1.85 -9 0 -559.86
1.85 -9 1 807.282
1.85 -8 0 -231.721
1.85 -8 1 33.0873
1.85 -7 0 94.1542
1.85 -7 1 8.68744
1.85 -6 0 527.241
1.85 -6 1 -474.344
1.85 -5 0 1.00412
1.85 -5 1 -476.73
1.85 -4 0 338.558
1.85 -4 1 158.843
1.85 -3 0 120.437
1.85 -3 1 46.6921
1.85 -2 0 93.3129
1.85 -2 1 -561.736
1.85 -1 0 -29.4067
1.85 -1 1 -433.988
1.85 0 0 101.701
1.85 0 1 39.38
1.85 1 0 120.057
1.85 1 1 26.3508
1.85 2 0 973.597
1.85 2 1 -793.786
1.85 3 0 182.759
1.85 3 1 -334.271
1.85 4 0 290.592
1.85 4 1 298.728
1.85 5 0 114.714
1.85 5 1 162.473
1.85 6 0 1.58071
1.85 6 1 87.9201
1.85 7 0 69.0971
1.85 7 1 116.274
1.85 8 0 117.679
1.85 8 1 131.736
1.85 9 0 153.773
1.85 9 1 112.681
1.85 10 0 135.345
1.85 10 1 -165.144
3 -10 0 67.4101
3 -10 1 156.792
3 -9 0 -68.9948
3 -9 1 90.4881
3 -8 0 -119.549
3 -8 1 -71.4527
3 -7 0 26.5657
3 -7 1 -141.894
3 -6 0 313.768
3 -6 1 93.5333
3 -5 0 229.366
3 -5 1 133.028
3 -4 0 162.327
3 -4 1 -3.77115
3 -3 0 -288.025
3 -3 1 -2.50552
3 -2 0 240.786
3 -2 1 -167.278
3 -1 0 21.2338
3 -1 1 -218.492
3 0 0 504.147
3 0 1 175.614
3 1 0 283.692
3 1 1 204.555
3 2 0 222.035
3 2 1 1464.18
3 3 0 66.8731
3 3 1 -23.514
3 4 0 84.6433
3 4 1 78.7922
3 5 0 31.2281
3 5 1 101.321
3 6 0 -734.906
3 6 1 173.41
3 7 0 222.448
3 7 1 516.03
3 8 0 293.237
3 8 1 215.599
3 9 0 404.439
3 9 1 90.3805
3 10 0 71.6374
3 10 1 46.4406
4.15 -10 0 106.336
4.15 -10 1 232.113
4.15 -9 0 -52.1058
4.15 -9 1 178.269
4.15 -8 0 -184.55
4.15 -8 1 -102.836
4.15 -7 0 284.902
4.15 -7 1 -2517.63
4.15 -6 0 160.408
4.15 -6 1 152.885
4.15 -5 0 81.691
4.15 -5 1 89.9846
4.15 -4 0 72.8471
4.15 -4 1 66.726
4.15 -3 0 116.213
4.15 -3 1 60.3429
4.15 -2 0 22.7236
4.15 -2 1 49.351
4.15 -1 0 58.1933
4.15 -1 1 122.415
4.15 0 0 434.327
4.15 0 1 229.62
4.15 1 0 355.582
4.15 1 1 164.597
4.15 2 0 251.992
4.15 2 1 119.605
4.15 3 0 124.431
4.15 3 1 180.755
4.15 4 0 107.468
4.15 4 1 76.4102
4.15 5 0 868.983
4.15 5 1 103.539
4.15 6 0 -11.4822
4.15 6 1 113.162
4.15 7 0 143.34
4.15 7 1 205.03
4.15 8 0 151.659
4.15 8 1 194.339
4.15 9 0 102.793
4.15 9 1 84.8977
4.15 10 0 -99.1857
4.15 10 1 -561.089
5.3 -10 0 23.2785
5.3 -10 1 -451.699
5.3 -9 0 20.9193
5.3 -9 1 198.151
5.3 -8 0 -79.0307
5.3 -8 1 -34.2253
5.3 -7 0 -36.6303
5.3 -7 1 -23.5365
5.3 -6 0 103.582
5.3 -6 1 413.351
5.3 -5 0 60.1957
5.3 -5 1 -7.3536
5.3 -4 0 166.979
5.3 -4 1 229.301
5.3 -3 0 461.674
5.3 -3 1 -1.42437
5.3 -2 0 -231.707
5.3 -2 1 -2220.61
5.3 -1 0 -112.401
5.3 -1 1 -232.029
5.3 0 0 160.962
5.3 0 1 113.728
5.3 1 0 484.727
5.3 1 1 1498.33
5.3 2 0 317.764
5.3 2 1 -105.465
5.3 3 0 305.907
5.3 3 1 923.227
5.3 4 0 -158.054
5.3 4 1 -579.129
5.3 5 0 -29.832
5.3 5 1 -405.799
5.3 6 0 162.395
5.3 6 1 -27.5068
5.3 7 0 1085.53
5.3 7 1 50.8153
5.3 8 0 -1315.77
5.3 8 1 136.165
5.3 9 0 -1.08679
5.3 9 1 2290.76
5.3 10 0 -37.383
5.3 10 1 -893.998
6.45 -10 0 267.244
6.45 -10 1 -28.7361
6.45 -9 0 36.9023
6.45 -9 1 -141.237
6.45 -8 0 -170.522
6.45 -8 1 -694.163
6.45 -7 0 138.337
6.45 -7 1 651.881
6.45 -6 0 67.7502
6.45 -6 1 155.396
6.45 -5 0 38.7777
6.45 -5 1 133.43
6.45 -4 0 347.414
6.45 -4 1 212.807
6.45 -3 0 117.951
6.45 -3 1 207.196
6.45 -2 0 -7.66383
6.45 -2 1 1236.63
6.45 -1 0 -91.0645
6.45 -1 1 -62.5767
6.45 0 0 -656.975
6.45 0 1 -88.8125
6.45 1 0 -289.766
6.45 1 1 60.4939
6.45 2 0 250.248
6.45 2 1 165.576
6.45 3 0 168.933
6.45 3 1 164.207
6.45 4 0 -50.7539
6.45 4 1 -219.376
6.45 5 0 -114.604
6.45 5 1 -213.617
6.45 6 0 -26.6197
6.45 6 1 -40.9634
6.45 7 0 3.63315
6.45 7 1 95.6733
6.45 8 0 -226.919
6.45 8 1 973.138
6.45 9 0 -3.69646
6.45 9 1 133.048
6.45 10 0 49.3062
6.45 10 1 14.4701
7.6 -10 0 275.773
7.6 -10 1 114.249
7.6 -9 0 48.7728
7.6 -9 1 -130.442
7.6 -8 0 -141.414
7.6 -8 1 -794.354
7.6 -7 0 126.988
7.6 -7 1 350.845
7.6 -6 0 -137.311
7.6 -6 1 146.414
7.6 -5 0 -1592.99
7.6 -5 1 414.473
7.6 -4 0 64.7887
7.6 -4 1 223.465
7.6 -3 0 53.5215
7.6 -3 1 -160.09
7.6 -2 0 34.1628
7.6 -2 1 98.7437
7.6 -1 0 165.777
7.6 -1 1 143.1
7.6 0 0 -112.064
7.6 0 1 -96.0083
7.6 1 0 42.8656
7.6 1 1 -42.8962
7.6 2 0 101.638
7.6 2 1 121.487
7.6 3 0 184.225
7.6 3 1 370.927
7.6 4 0 260.045
7.6 4 1 269.885
7.6 5 0 31.0915
7.6 5 1 64.906
7.6 6 0 -9.46475
7.6 6 1 17.355
7.6 7 0 5.63042
7.6 7 1 12.8131
7.6 8 0 -29.1937
7.6 8 1 16.1871
7.6 9 0 -46.9389
7.6 9 1 -14.1629
7.6 10 0 249.65
7.6 10 1 43.7744
8.75 -10 0 80.3089
8.75 -10 1 56.9162
8.75 -9 0 125.605
8.75 -9 1 243.829
8.75 -8 0 327.087
8.75 -8 1 687.04
8.75 -7 0 242.197
8.75 -7 1 373.505
8.75 -6 0 111.064
8.75 -6 1 56.2352
8.75 -5 0 187.495
8.75 -5 1 144.06
8.75 -4 0 185.325
8.75 -4 1 203.822
8.75 -3 0 155.725
8.75 -3 1 257.232
8.75 -2 0 168.194
8.75 -2 1 738.443
8.75 -1 0 60.2207
8.75 -1 1 103.493
8.75 0 0 -188.955
8.75 0 1 150.576
8.75 1 0 -60.6634
8.75 1 1 454.588
8.75 2 0 150.653
8.75 2 1 186.065
8.75 3 0 104.286
8.75 3 1 229.934
8.75 4 0 216.558
8.75 4 1 185.289
8.75 5 0 219.155
8.75 5 1 102.96
8.75 6 0 13.9934
8.75 6 1 24.5015
8.75 7 0 -106.72
8.75 7 1 27.2953
8.75 8 0 -502.466
8.75 8 1 108.556
8.75 9 0 -994.862
8.75 9 1 -113.867
8.75 10 0 -169.595
8.75 10 1 71.9314
9.9 -10 0 315.358
9.9 -10 1 990.858
9.9 -9 0 442.676
9.9 -9 1 71.0279
9.9 -8 0 -373.18
9.9 -8 1 -1453.48
9.9 -7 0 24.4923
9.9 -7 1 -0.809725
9.9 -6 0 255.484
9.9 -6 1 207.392
9.9 -5 0 73.575
9.9 -5 1 117.721
9.9 -4 0 -205.008
9.9 -4 1 70.9882
9.9 -3 0 77.0322
9.9 -3 1 116.726
9.9 -2 0 71.3741
9.9 -2 1 120.977
9.9 -1 0 28.6796
9.9 -1 1 110.869
9.9 0 0 -1553.53
9.9 0 1 4.40513
9.9 1 0 -648.814
9.9 1 1 72.8297
9.9 2 0 109.88
9.9 2 1 81.9978
9.9 3 0 291.034
9.9 3 1 121.337
9.9 4 0 54.5112
9.9 4 1 178.339
9.9 5 0 -1482.65
9.9 5 1 81.6811
9.9 6 0 -93.3712
9.9 6 1 -26.7597
9.9 7 0 -95.8092
9.9 7 1 -89.3793
9.9 8 0 -563.492
9.9 8 1 -142.291
9.9 9 0 -1160
9.9 9 1 -75.0303
9.9 10 0 -278.978
9.9 10 1 192.759
11.05 -10 0 229.29
11.05 -10 1 329.652
11.05 -9 0 211.485
11.05 -9 1 104.948
11.05 -8 0 62.2456
11.05 -8 1 -120.074
11.05 -7 0 61.717
11.05 -7 1 58.6047
11.05 -6 0 305.375
11.05 -6 1 332.194
11.05 -5 0 -107.2
11.05 -5 1 145.74
11.05 -4 0 -1030.69
11.05 -4 1 35.2493
11.05 -3 0 146.939
11.05 -3 1 73.4444
11.05 -2 0 -42.6895
11.05 -2 1 -1155.95
11.05 -1 0 157.998
11.05 -1 1 317.111
11.05 0 0 336.196
11.05 0 1 485.151
11.05 1 0 -41.2339
11.05 1 1 -34.656
11.05 2 0 -129.622
11.05 2 1 -310.677
11.05 3 0 -32.9361
11.05 3 1 -77.9436
11.05 4 0 -7.37542
11.05 4 1 584.776
11.05 5 0 -324.145
11.05 5 1 591.732
11.05 6 0 15.2441
11.05 6 1 87.6597
11.05 7 0 2.27328
11.05 7 1 2.91476
11.05 8 0 -73.722
11.05 8 1 30.5054
11.05 9 0 -70.6964
11.05 9 1 83.9578
11.05 10 0 53.2477
11.05 10 1 201.895
12.2 -10 0 -534.595
12.2 -10 1 51.7736
12.2 -9 0 -18.108
12.2 -9 1 55.6389
12.2 -8 0 397.448
12.2 -8 1 132.694
12.2 -7 0 -25.3233
12.2 -7 1 76.1148
12.2 -6 0 -12.7435
12.2 -6 1 164.7
12.2 -5 0 -13.1105
12.2 -5 1 127.422
12.2 -4 0 -71.5395
12.2 -4 1 27.2896
12.2 -3 0 51.2529
12.2 -3 1 -39.9793
12.2 -2 0 -48.5842
12.2 -2 1 -71.6662
12.2 -1 0 -709.021
12.2 -1 1 131.208
12.2 0 0 -248.968
12.2 0 1 66.058
12.2 1 0 131.865
12.2 1 1 -207.156
12.2 2 0 -361.442
12.2 2 1 -3081.84
12.2 3 0 -138.285
12.2 3 1 -918.402
12.2 4 0 114.977
12.2 4 1 174.142
12.2 5 0 136.759
12.2 5 1 226.265
12.2 6 0 -26.2766
12.2 6 1 -206.508
12.2 7 0 -28.7511
12.2 7 1 -293.589
12.2 8 0 242.49
12.2 8 1 15.2906
12.2 9 0 40.2656
12.2 9 1 112.437
12.2 10 0 89.7986
12.2 10 1 100.028
13.35 -10 0 -103.003
13.35 -10 1 176.772
13.35 -9 0 26.6857
13.35 -9 1 121.579
13.35 -8 0 196.472
13.35 -8 1 137.15
13.35 -7 0 -132.875
13.35 -7 1 128.842
13.35 -6 0 -86.1703
13.35 -6 1 119.69
13.35 -5 0 317.061
13.35 -5 1 228.229
13.35 -4 0 -739.422
13.35 -4 1 -428.228
13.35 -3 0 345.029
13.35 -3 1 -83.5722
13.35 -2 0 -19.8628
13.35 -2 1 -38.1389
13.35 -1 0 -293.13
13.35 -1 1 -91.8757
13.35 0 0 -64.0413
13.35 0 1 68.8879
13.35 1 0 137.215
13.35 1 1 -7.23422
13.35 2 0 -113.608
13.35 2 1 -511.13
13.35 3 0 20.163
13.35 3 1 -261.193
13.35 4 0 100.919
13.35 4 1 80.7696
13.35 5 0 156.156
13.35 5 1 -72.5402
13.35 6 0 -217.084
13.35 6 1 -1426.52
13.35 7 0 -266.535
13.35 7 1 -2361.92
13.35 8 0 256.477
13.35 8 1 -59.8552
13.35 9 0 58.2871
13.35 9 1 837.868
13.35 10 0 84.1809
13.35 10 1 -408.552
14.5 -10 0 192.697
14.5 -10 1 247.455
14.5 -9 0 289.031
14.5 -9 1 1297.94
14.5 -8 0 193.184
14.5 -8 1 -418.779
14.5 -7 0 215.031
14.5 -7 1 1715.78
14.5 -6 0 104.133
14.5 -6 1 236.558
14.5 -5 0 102.817
14.5 -5 1 36.3983
14.5 -4 0 -378.565
14.5 -4 1 -229.149
14.5 -3 0 258.243
14.5 -3 1 25.9453
14.5 -2 0 0.12504
14.5 -2 1 51.5719
14.5 -1 0 76.7909
14.5 -1 1 112.833
14.5 0 0 148.077
14.5 0 1 374.147
14.5 1 0 127.736
14.5 1 1 279.418
14.5 2 0 117.182
14.5 2 1 78.2376
14.5 3 0 146.686
14.5 3 1 139.211
14.5 4 0 90.2005
14.5 4 1 202.99
14.5 5 0 217.545
14.5 5 1 150.078
14.5 6 0 23.7567
14.5 6 1 -247.431
14.5 7 0 -9.44207
14.5 7 1 -361.706
14.5 8 0 217.351
14.5 8 1 29.9955
14.5 9 0 86.0929
14.5 9 1 91.0632
14.5 10 0 -32.368
14.5 10 1 -412.838
15.65 -10 0 301.196
15.65 -10 1 115.232
15.65 -9 0 242.571
15.65 -9 1 204.739
15.65 -8 0 180.824
15.65 -8 1 -265.774
15.65 -7 0 209.525
15.65 -7 1 84.4309
15.65 -6 0 193.228
15.65 -6 1 205.264
15.65 -5 0 179.437
15.65 -5 1 182.905
15.65 -4 0 356.056
15.65 -4 1 869.406
15.65 -3 0 112.422
15.65 -3 1 199.205
15.65 -2 0 33.3608
15.65 -2 1 95.7154
15.65 -1 0 384.135
15.65 -1 1 248.217
15.65 0 0 31.5141
15.65 0 1 208.366
15.65 1 0 -14.1795
15.65 1 1 139.009
15.65 2 0 201.466
15.65 2 1 224.378
15.65 3 0 352.932
15.65 3 1 283.129
15.65 4 0 254.487
15.65 4 1 309.467
15.65 5 0 -219.934
15.65 5 1 309.092
15.65 6 0 148.311
15.65 6 1 162.505
15.65 7 0 -10.8391
15.65 7 1 75.2165
15.65 8 0 477.112
15.65 8 1 109.922
15.65 9 0 93.6413
15.65 9 1 70.2892
15.65 10 0 0.277496
15.65 10 1 4.77256
16.8 -10 0 391.012
16.8 -10 1 -22.9438
16.8 -9 0 85.2743
16.8 -9 1 -101.117
16.8 -8 0 323.803
16.8 -8 1 197.16
16.8 -7 0 837.583
16.8 -7 1 152.239
16.8 -6 0 430.302
16.8 -6 1 153.598
16.8 -5 0 442.367
16.8 -5 1 1.81947
16.8 -4 0 -327.379
16.8 -4 1 -2073.14
16.8 -3 0 520.55
16.8 -3 1 -107.649
16.8 -2 0 59.0665
16.8 -2 1 12.2059
16.8 -1 0 168.712
16.8 -1 1 91.7604
16.8 0 0 -938.732
16.8 0 1 168.564
16.8 1 0 213.362
16.8 1 1 305.079
16.8 2 0 209.068
16.8 2 1 268.079
16.8 3 0 356.272
16.8 3 1 348.303
16.8 4 0 422.193
16.8 4 1 322.814
16.8 5 0 -65.8157
16.8 5 1 176.116
16.8 6 0 41.0357
16.8 6 1 90.5276
16.8 7 0 -340.767
16.8 7 1 12.3969
16.8 8 0 960.13
16.8 8 1 -20.0694
16.8 9 0 221.367
16.8 9 1 -226.003
16.8 10 0 90.2457
16.8 10 1 44.1799
17.95 -10 0 -37.4981
17.95 -10 1 359.781
17.95 -9 0 -293.772
17.95 -9 1 -6728.49
17.95 -8 0 75.1964
17.95 -8 1 290.041
17.95 -7 0 29.6119
17.95 -7 1 0.00850527
17.95 -6 0 -240.593
17.95 -6 1 -117.635
17.95 -5 0 122.904
17.95 -5 1 162.95
17.95 -4 0 152.838
17.95 -4 1 197.641
17.95 -3 0 2.26981
17.95 -3 1 -25.6362
17.95 -2 0 -448.083
17.95 -2 1 -36.3092
17.95 -1 0 -47.3673
17.95 -1 1 7.58921
17.95 0 0 131.919
17.95 0 1 42.6159
17.95 1 0 192.642
17.95 1 1 -135.059
17.95 2 0 -2.31482
17.95 2 1 -446.421
17.95 3 0 180.76
17.95 3 1 156.404
17.95 4 0 97.8992
17.95 4 1 689.291
17.95 5 0 -550.255
17.95 5 1 -1058.79
17.95 6 0 22.8936
17.95 6 1 30.4341
17.95 7 0 100.499
17.95 7 1 33.0114
17.95 8 0 109.737
17.95 8 1 -247.86
17.95 9 0 22.6904
17.95 9 1 -1044.89
17.95 10 0 235.299
17.95 10 1 140.043
19.1 -10 0 -19.0586
19.1 -10 1 216.122
19.1 -9 0 -48.9518
19.1 -9 1 -23.2723
19.1 -8 0 31.169
19.1 -8 1 72.9866
19.1 -7 0 266.723
19.1 -7 1 153.061
19.1 -6 0 243.377
19.1 -6 1 117.826
19.1 -5 0 107.71
19.1 -5 1 131.175
19.1 -4 0 -148.166
19.1 -4 1 -1185.63
19.1 -3 0 -176.935
19.1 -3 1 -275.439
19.1 -2 0 -90.4268
19.1 -2 1 55.4166
19.1 -1 0 81.4033
19.1 -1 1 31.9189
19.1 0 0 51.1709
19.1 0 1 -104.2
19.1 1 0 -87.8766
19.1 1 1 -731.703
19.1 2 0 -239.43
19.1 2 1 -3097.26
19.1 3 0 -10.881
19.1 3 1 -324.591
19.1 4 0 11.1241
19.1 4 1 -21.6819
19.1 5 0 -178.534
19.1 5 1 -290.417
19.1 6 0 22.9666
19.1 6 1 -31.5474
19.1 7 0 263.369
19.1 7 1 99.3886
19.1 8 0 5224.09
19.1 8 1 175.692
19.1 9 0 -128.101
19.1 9 1 237.693
19.1 10 0 180.899
19.1 10 1 180.377
20.25 -10 0 -1593.01
20.25 -10 1 2511.74
20.25 -9 0 174.032
20.25 -9 1 180.954
20.25 -8 0 -212.208
20.25 -8 1 48.2996
20.25 -7 0 -835.977
20.25 -7 1 8.75885
20.25 -6 0 331.688
20.25 -6 1 201.6
20.25 -5 0 94.5942
20.25 -5 1 102.437
20.25 -4 0 -48.8314
20.25 -4 1 -357.539
20.25 -3 0 90.1651
20.25 -3 1 136.778
20.25 -2 0 -29.0543
20.25 -2 1 474.202
20.25 -1 0 -226.939
20.25 -1 1 -109.94
20.25 0 0 15.2947
20.25 0 1 -70.1511
20.25 1 0 310.373
20.25 1 1 -163.737
20.25 2 0 272.908
20.25 2 1 -246.659
20.25 3 0 152.861
20.25 3 1 200.092
20.25 4 0 137.677
20.25 4 1 248.953
20.25 5 0 25.8328
20.25 5 1 -45.7874
20.25 6 0 104.124
20.25 6 1 96.0347
20.25 7 0 92.7761
20.25 7 1 -37.2329
20.25 8 0 -21.6451
20.25 8 1 -3.0935
20.25 9 0 26.9147
20.25 9 1 781.603
20.25 10 0 161.458
20.25 10 1 164.882
21.4 -10 0 -152.135
21.4 -10 1 -84.7412
21.4 -9 0 752.561
21.4 -9 1 135.784
21.4 -8 0 -6.62783
21.4 -8 1 53.8253
21.4 -7 0 248.942
21.4 -7 1 -17.9749
21.4 -6 0 344.108
21.4 -6 1 191.271
21.4 -5 0 63.5385
21.4 -5 1 188.102
21.4 -4 0 -95.0898
21.4 -4 1 3.14208
21.4 -3 0 2.56206
21.4 -3 1 43.0536
21.4 -2 0 -385.392
21.4 -2 1 -255.963
21.4 -1 0 -393.442
21.4 -1 1 -267.854
21.4 0 0 37.7075
21.4 0 1 -5.00068
21.4 1 0 -190.386
21.4 1 1 -7.88397
21.4 2 0 -86.6523
21.4 2 1 -18.599
21.4 3 0 77.6018
21.4 3 1 3.27218
21.4 4 0 -52.2268
21.4 4 1 -3219.23
21.4 5 0 -37.4595
21.4 5 1 -386.231
21.4 6 0 202.752
21.4 6 1 883.899
21.4 7 0 38.1585
21.4 7 1 -757.452
21.4 8 0 -2.98108
21.4 8 1 -130.561
21.4 9 0 74.3728
21.4 9 1 181.762
21.4 10 0 24.0052
21.4 10 1 147.461
22.55 -10 0 208.629
22.55 -10 1 121.374
22.55 -9 0 103.903
22.55 -9 1 301.361
22.55 -8 0 47.1556
22.55 -8 1 150.915
22.55 -7 0 136.602
22.55 -7 1 98.4718
22.55 -6 0 24.1318
22.55 -6 1 70.5713
22.55 -5 0 272.927
22.55 -5 1 0.16959
22.55 -4 0 43.8034
22.55 -4 1 -457.429
22.55 -3 0 61.0129
22.55 -3 1 -36.2621
22.55 -2 0 83.2473
22.55 -2 1 71.4167
22.55 -1 0 104.058
22.55 -1 1 713.651
22.55 0 0 63.992
22.55 0 1 212.206
22.55 1 0 -95.5516
22.55 1 1 9.38437
22.55 2 0 -141.529
22.55 2 1 -165.651
22.55 3 0 69.0311
22.55 3 1 229.182
22.55 4 0 142.835
22.55 4 1 70.9987
22.55 5 0 39.3123
22.55 5 1 -19.5973
22.55 6 0 177.31
22.55 6 1 95.2106
22.55 7 0 66.2912
22.55 7 1 179.931
22.55 8 0 127.562
22.55 8 1 -12.3711
22.55 9 0 23.1797
22.55 9 1 -47.9637
22.55 10 0 5.20254
22.55 10 1 79.8407
23.7 -10 0 224.885
23.7 -10 1 189.703
23.7 -9 0 -1644.06
23.7 -9 1 38.0369
23.7 -8 0 -449.833
23.7 -8 1 300.744
23.7 -7 0 119.348
23.7 -7 1 -62.9052
23.7 -6 0 579.583
23.7 -6 1 -157.94
23.7 -5 0 -38.2093
23.7 -5 1 -53.9405
23.7 -4 0 9.47642
23.7 -4 1 -381.836
23.7 -3 0 118.398
23.7 -3 1 3208.4
23.7 -2 0 69.4033
23.7 -2 1 -187.96
23.7 -1 0 -42.5
23.7 -1 1 -2298.17
23.7 0 0 -9.74824
23.7 0 1 -5.32912
23.7 1 0 -75.0974
23.7 1 1 61.0348
23.7 2 0 -585.471
23.7 2 1 -215.032
23.7 3 0 -698.939
23.7 3 1 -319.805
23.7 4 0 36.0627
23.7 4 1 100.096
23.7 5 0 -182.174
23.7 5 1 169.218
23.7 6 0 -530.427
23.7 6 1 -257.404
23.7 7 0 -20.1794
23.7 7 1 -69.5168
23.7 8 0 358.866
23.7 8 1 -112.585
23.7 9 0 -39.6611
23.7 9 1 -182.313
23.7 10 0 28.7173
23.7 10 1 1233.6
24.85 -10 0 186.652
24.85 -10 1 43.0841
24.85 -9 0 -157.769
24.85 -9 1 -78.8352
24.85 -8 0 -135.338
24.85 -8 1 -74.1261
24.85 -7 0 -17.4558
24.85 -7 1 -105.302
24.85 -6 0 52.6998
24.85 -6 1 -43.5463
24.85 -5 0 -2.86463
24.85 -5 1 33.4131
24.85 -4 0 -31.0661
24.85 -4 1 10.0164
24.85 -3 0 -18.0612
24.85 -3 1 66.6516
24.85 -2 0 153.328
24.85 -2 1 -102.503
24.85 -1 0 61.4776
24.85 -1 1 -266.135
24.85 0 0 22.8533
24.85 0 1 66.1539
24.85 1 0 -1.25627
24.85 1 1 34.5598
24.85 2 0 -87.0409
24.85 2 1 -5.04387
24.85 3 0 -68.3989
24.85 3 1 -24.4606
24.85 4 0 124.057
24.85 4 1 86.2615
24.85 5 0 904.378
24.85 5 1 246.438
24.85 6 0 -502.049
24.85 6 1 -285.038
24.85 7 0 -126.722
24.85 7 1 -146.565
24.85 8 0 -18.8921
24.85 8 1 -97.967
24.85 9 0 -43.9734
24.85 9 1 -58.7076
24.85 10 0 19.1919
24.85 10 1 135.303
26 -10 0 28.0788
26 -10 1 27.8191
26 -9 0 -4.10047
26 -9 1 -4.2343
26 -8 0 -20.9425
26 -8 1 -22.6694
26 -7 0 -13.9095
26 -7 1 -22.749
26 -6 0 -3.24887
26 -6 1 -1.17444
26 -5 0 -0.319626
26 -5 1 20.337
26 -4 0 -5.13707
26 -4 1 24.6526
26 -3 0 1.90782
26 -3 1 29.9097
26 -2 0 45.5051
26 -2 1 29.9006
26 -1 0 67.4199
26 -1 1 42.0173
26 0 0 68.5868
26 0 1 60.6047
26 1 0 60.8503
26 1 1 46.4928
26 2 0 42.6686
26 2 1 38.625
26 3 0 50.8582
26 3 1 48.9638
26 4 0 109.34
26 4 1 74.4509
26 5 0 157.999
26 5 1 64.3129
26 6 0 37.9752
26 6 1 -10.8294
26 7 0 -9.69668
26 7 1 -30.8109
26 8 0 1.59324
26 8 1 -18.5931
26 9 0 13.2501
26 9 1 5.31668
26 10 0 34.402
26 10 1 48.0591
