# time  0 1 2 3 4 5 6 sum_q sum_abs_q
0 0 0.00654427 0.00897208 0.00906509 0.00958329 0.0162367 0.0020879 0.0604122 0.0025239
500 0 0.00279822 0.00659792 0.00885852 0.00410149 0.0154456 0.00328503 0.0455758 0.00190406
1000 0 0.00434438 0.00193312 -0.00179178 0.00074881 0.014972 0.00113003 0.016506 0.000914158
1500 0 0.00170951 0.00512944 -0.00734741 -0.00262197 0.0160543 0.00150444 0.00661845 0.00152601
2000 0 -0.000926143 0.00474236 -0.00881037 -0.00330758 0.0191706 5.45017e-08 0.00101378 0.00163152
2500 0 0.00470563 0.00551727 -0.00783477 -0.00409808 0.0173012 -0.00255596 0.0037596 0.00186622
3000 0 -0.000924975 0.00576769 -0.0106408 -0.00377244 0.0129722 -4.70233e-05 -0.00511441 0.00166702
3500 0 0.00281579 -0.00181623 -0.00292888 -0.0051781 0.0138031 0.000610025 -0.0024119 0.00114295
4000 0 -0.00301798 -0.00325561 -0.00176875 -0.00135084 0.0121493 0.00146617 -0.00265361 0.000917494
4500 0 -0.00770396 -0.00108133 -0.00147444 0.000642106 -0.00549628 0.00653201 -0.00704861 0.000920744
5000 0 -0.00364432 -0.00183286 0.000577912 -0.00155749 -0.000994166 0.00286212 -0.00534074 0.000534703
5500 0 -0.00772992 -0.0030965 0.00303734 -0.00333243 -0.000883633 0.00367584 -0.00903681 0.00106536
6000 0 -0.00762807 -0.0034655 0.00160341 6.88829e-05 0.00125644 0.00096625 -0.00781389 0.00068753
6500 0 -7.79071e-05 -0.00361917 0.00247436 0.00165824 -0.00174164 0.00535153 0.0048771 0.000761352
7000 0 -0.00231658 -0.00139651 -0.000628606 0.00174785 -0.0141056 0.00707451 -0.0049541 0.00101715
7500 0 -0.00349348 0.00238949 -0.00220112 0.00375568 -0.0181933 0.0106509 0.00112924 0.00161297
8000 0 -0.0066595 0.00125223 0.00153774 0.000433528 -0.0129394 0.010698 0.000756875 0.00126627
8500 0 -0.00394056 0.000331792 0.00285029 0.00178837 -0.00512077 0.0122957 0.0127168 0.00111906
9000 0 -0.00627269 0.00377145 0.0062481 0.00120857 -0.00684964 0.00874854 0.0152701 0.0015003
9500 0 -0.00326938 0.00248279 0.00394932 0.00243931 -0.012317 0.00857931 0.0106126 0.00138537
10000 0 -0.00538091 -0.000961338 0.000452111 0.00385544 -0.00874567 0.00622728 0.000459264 0.00104102
10500 0 -0.00431301 -0.0011994 -0.00165935 0.00106706 -0.0143181 0.00546276 -0.0107963 0.00104124
11000 0 -0.00742585 0.00228755 -0.00125837 0.00148066 -0.0117953 0.00707882 -0.00385867 0.00122497
11500 0 -0.00543794 -0.00130037 -0.00150498 -0.000730986 -0.0107962 0.0061636 -0.011362 0.000989689
12000 0 -0.00501452 0.00221559 -0.00444942 -0.00078513 -0.00565806 0.00560673 -0.00729507 0.00105094
12500 0 -0.00495986 0.000273748 -0.00390311 0.000482241 -0.00401272 0.00456146 -0.00737403 0.000783961
13000 0 -0.00636951 0.00396484 -0.000999329 -0.000178978 -0.00917118 0.00370578 -0.00408757 0.000977341
13500 0 -0.00345939 -0.00269152 -0.00308427 -0.000191182 -0.00985764 0.0019338 -0.0168059 0.000863699
14000 0 -0.00301039 -0.00079044 -0.00982315 0.00037797 -0.0078057 0.0044618 -0.0188897 0.00120936
14500 0 -0.00373551 0.00138503 -0.00341444 0.00171955 -0.0129739 0.00324236 -0.00936285 0.00105119
15000 0 -0.000328432 -0.00144359 -0.00238254 0.00191836 -0.00663321 0.0041364 -0.00349417 0.000732038
15500 0 -0.00275726 0.0014081 -0.0044975 0.00190766 -0.00897674 0.00436788 -0.00596181 0.00102961
16000 0 -0.000504642 0.00199417 -0.00236644 0.000857051 -0.00884749 0.0048904 -0.000803833 0.000799558
16500 0 0.00303608 0.00393531 -0.00360187 0.000608426 0.000517262 0.00506606 0.00958854 0.000852028
17000 0 -0.000227323 0.00236779 -0.00403244 0.00131226 0.00206962 0.00608562 0.00674507 0.00080447
17500 0 -0.00124947 -0.00184534 -0.00436375 0.00308579 0.00401807 0.00603567 0.00292229 0.000995242
18000 0 -0.00270847 -0.00219054 0.0021489 -0.000130434 -0.00143086 0.00624896 0.00256345 0.000684373
18500 0 0.000153659 -0.00300214 0.000479847 -0.000894394 -0.00744992 0.00622928 -0.00377664 0.000750092
19000 0 0.000239965 -0.00271277 0.000726931 -0.00256444 -0.000787902 0.00424251 -0.00289566 0.000584805
19500 0 0.000143228 -0.000461358 -0.00127565 -0.000241788 -0.00151609 0.00242369 -0.00143597 0.000273389
20000 0 -0.00116196 -0.000363069 -0.00248397 8.57727e-05 -0.00515936 0.00294247 -0.00573312 0.000496128
20500 0 0.00132852 0.000942421 -0.00431854 0.000546931 -0.00587526 -0.000213784 -0.00720882 0.000588788
21000 0 0.00639175 0.00348991 -0.00423796 0.000859514 -0.000210831 -0.00140709 0.0044308 0.000845712
21500 0 0.00463188 0.00244068 -0.00190587 -0.00385229 -0.00381854 0.000202108 -0.00313518 0.000805732
22000 0 0.0003205 -0.000713718 -0.00267546 -0.00480213 2.54515e-05 0.00133306 -0.0106453 0.00058191
22500 0 -0.00448035 -0.00228417 -0.00279864 -0.00521861 -0.00105817 0.00236438 -0.0178754 0.000944357
23000 0 -0.00548703 -0.00544162 -0.00259961 -0.0047156 0.00290985 0.00340242 -0.0187618 0.00123198
23500 0 -0.00276307 -0.0043551 -0.00192731 -0.000282677 0.00149437 0.00151194 -0.00984139 0.000621633
24000 0 -0.000366853 -0.00434369 -0.00294272 0.000960519 0.00564678 0.0012005 -0.00481649 0.000739888
24500 0 -0.00163513 -0.00668704 -0.00232792 -0.000587931 0.00240196 0.00472126 -0.00955139 0.00092878
25000 0 -0.00298477 -0.00384242 -0.00167253 0.00457487 -0.00177425 0.00331046 -0.00200974 0.000933959
25500 0 -0.00223347 -0.00610694 -0.00161146 0.00350263 -0.00539495 0.00414716 -0.0078434 0.0011132
26000 0 -0.00334796 -0.00303566 -0.0023394 0.000644023 -0.00159741 0.00736618 -0.00385157 0.000857119
26500 0 -0.00353257 -0.00434715 -0.00219408 0.000941528 -0.00442055 0.00364429 -0.0109469 0.000879848
27000 0 -0.00349346 -0.00229198 0.000801148 0.00122383 -0.00706894 0.00253592 -0.00580546 0.00070823
27500 0 -1.9503e-05 -0.00212198 0.00184438 0.000680616 -0.00427065 0.00138078 -0.000910486 0.000469881
28000 0 0.0015521 -0.0015271 -0.00132083 0.00100096 1.31466e-05 0.000402075 -0.000948014 0.000317336
28500 0 0.00447907 -0.00395276 -0.00140947 -0.00232122 -0.00244126 0.000556354 -0.00854069 0.000743651
29000 0 0.00443517 -0.00290123 -0.00131528 -0.000902153 -0.00923751 -0.00116792 -0.0110378 0.000798154
29500 0 0.00752915 -0.00427636 -0.00146673 0.000623782 -0.018643 -0.00353832 -0.016934 0.00135777
30000 0 0.00663821 -0.00129748 -0.00195867 -0.00302583 -0.023841 -0.00277749 -0.0222304 0.00143316
30500 0 0.00722146 -0.00697546 -0.000268344 -0.000217257 -0.0142018 -0.00382903 -0.0180242 0.00130175
31000 0 0.00748887 -0.0055256 -0.000664458 -0.000817213 -0.0149625 -0.00233704 -0.0161209 0.00124256
31500 0 0.0102484 -0.00131407 -0.0026093 0.00543579 -0.0197225 -0.00436316 -0.00606575 0.00171345
32000 0 0.0108278 -0.00332169 -0.00269008 0.00257964 -0.0260632 -0.00479358 -0.0176592 0.00188386
32500 0 0.0108633 -0.000378352 -0.000729347 0.00145684 -0.0214839 -0.00454535 -0.00862069 0.00136822
33000 0 0.00817656 -0.00176973 -0.00115892 0.00140159 -0.016637 -0.00275601 -0.00882257 0.00116557
33500 0 0.00763768 0.000428995 -0.000840352 0.00124056 -0.0165215 -0.000438214 -0.00338267 0.000930936
34000 0 0.00852668 0.00117908 -0.000242262 0.00160828 -0.0103445 -0.000673236 0.00392744 0.000833193
34500 0 0.00462801 -0.0010308 -0.00235191 0.000758912 -0.0190025 -0.000463159 -0.0129962 0.000989741
35000 0 0.00481011 0.000921917 -0.0032369 0.000397472 -0.0113076 -0.000322747 -0.00644494 0.000800127
35500 0 0.00399728 -0.000349958 -0.00217489 0.00339391 -0.0149547 0.0012263 -0.00391312 0.000995062
36000 0 0.00461561 -0.00207431 -0.00242823 0.00358341 -0.0261514 -0.000764604 -0.0155697 0.00145032
36500 0 0.0028781 0.00193502 3.28976e-05 0.00377351 -0.0229084 -0.00211933 -0.00632815 0.00120267
37000 0 0.00664714 0.00350218 -0.00390831 0.00471741 -0.0219578 -0.00116322 -0.00344897 0.00167938
37500 0 0.00865413 0.00304167 -0.00397434 0.00104247 -0.010851 -0.00432319 -0.00360092 0.00131993
38000 0 0.00559079 0.00269501 -0.00189721 -0.00076556 -0.00683176 -0.00225517 -0.00172649 0.000834733
38500 0 0.00290461 0.00446157 -0.00176056 -0.00135299 -0.012646 -0.00502529 -0.0088841 0.00115106
39000 0 0.000303884 0.0030216 -0.00357569 -7.07903e-05 -0.00387006 -0.00435624 -0.00762528 0.000720372
39500 0 -0.00134665 0.00420052 -0.00386944 -0.00120484 -0.00395442 -0.00428058 -0.00948083 0.000922557
40000 0 -0.00201813 0.00292432 -0.0032043 -0.00270897 -0.0035785 -0.00369475 -0.0124251 0.000885612
40500 0 0.000200822 0.00735921 -0.00298956 -0.00201394 -0.00535155 -0.00658287 -0.00647316 0.00120806
41000 0 1.55199e-05 0.00680745 -0.00397827 -0.00168699 -0.0126005 -0.00355348 -0.0103178 0.00128544
41500 0 0.00366194 0.00461423 -0.00391831 -0.000290642 -0.00682346 -0.00442931 -0.00508961 0.00106922
42000 0 0.00208988 -0.000287178 -0.00140678 0.00189118 -0.00998947 -0.00555687 -0.0100926 0.000817479
42500 0 0.00461873 -0.00318456 -0.00107337 0.00299834 -0.00306191 -0.00416219 -0.0039147 0.000890307
43000 0 0.00427114 -0.000557269 -0.00457187 0.00016342 0.0027795 -0.00385334 -0.00554453 0.000733187
43500 0 0.00375215 0.000476417 -0.0019401 -0.000702764 -0.0035803 -0.0041614 -0.00641161 0.000612692
44000 0 -0.000147866 5.01231e-05 -0.00208641 0.00217967 -0.00652815 -0.00203869 -0.00635752 0.000545072
44500 0 0.000430902 0.00208532 -0.00281269 0.00400318 -0.00295884 -0.0029665 0.00034506 0.000781423
45000 0 0.004577 -0.00103412 -0.00316483 0.00293775 -0.0127896 -0.00211518 -0.00846368 0.00106959
45500 0 0.000966974 0.000925523 -0.00443952 0.00259769 0.00449286 -0.00171699 0.00081575 0.000733967
46000 0 -0.000132887 -0.00100025 -0.00337679 0.00331479 -0.00567084 0.00158036 -0.00395555 0.000712759
46500 0 -0.000653349 0.00447756 -0.00273761 0.00511472 0.000756698 0.00025476 0.0104526 0.000829447
47000 0 -0.00302828 0.00122838 -0.00304332 0.0047587 -0.0129729 0.00255547 -0.00452552 0.00115297
47500 0 -0.00168463 -0.000367501 -0.0031465 0.00443894 -0.00387346 0.00214732 -0.000607701 0.00076116
48000 0 -0.000662115 0.00149753 -0.00318086 0.00326111 0.000148287 0.00304444 0.0049089 0.000654067
48500 0 -0.0037331 -0.000737588 -0.00404625 1.80156e-05 -0.00278833 0.00489537 -0.00752743 0.000725777
49000 0 -0.00343316 0.00288363 -0.00610569 0.00349941 -0.0139454 0.00230001 -0.00980417 0.00140179
49500 0 -0.00662371 -1.04987e-05 -0.0052787 0.00324963 -0.00940278 0.00475576 -0.010664 0.00125018
50000 0 -0.00562452 0.00138906 -0.00402167 0.00211108 -0.0164981 0.0036796 -0.013336 0.00130329
50500 0 -0.00577286 -2.10305e-06 -0.00283765 0.00150803 -0.0169028 0.00446583 -0.0141728 0.00115427
51000 0 -0.00722146 -0.00124685 -0.00190744 0.0012508 -0.0162592 0.00382488 -0.0165551 0.001168
51500 0 -0.00936925 -0.00586639 -8.74889e-05 0.00050338 -0.0160044 0.00387162 -0.0236103 0.00137298
52000 0 -0.00720718 -0.00817972 -0.000100275 0.000293335 -0.00705674 0.00329954 -0.0199904 0.00114762
52500 0 -0.00354408 -0.00810444 -0.000158023 0.00379634 -0.0113999 0.00207107 -0.0155337 0.00129783
53000 0 -0.00699297 -0.00581667 -0.002996 0.00471653 -0.00698206 0.00216141 -0.0150476 0.0014004
53500 0 -0.00266102 -0.00462725 -0.00375915 0.00457379 -0.00865726 0.000681683 -0.0132915 0.0011855
54000 0 -0.00491551 -0.000699361 -0.00320525 0.00235335 -0.00356959 0.00209947 -0.00710326 0.00076714
54500 0 -0.00799788 -0.00245852 -0.00193195 0.00256242 -0.00199015 0.00119939 -0.0101573 0.000845726
55000 0 -0.00814014 -0.0026317 -0.00292739 0.00380411 -0.00121683 0.00118392 -0.00967139 0.000979758
55500 0 -0.00717652 -0.000232761 -0.00416552 0.0055737 0.00258603 0.00234648 -0.000674031 0.00106842
56000 0 -0.008546 -0.00233815 -0.00394475 0.00700509 -0.0102735 0.000952694 -0.0126594 0.00148646
56500 0 -0.00978596 0.000250672 -0.00381937 0.00599935 -0.00547857 0.000447358 -0.00849833 0.00117576
57000 0 -0.00465185 -0.00256392 -0.00318627 0.00356807 -0.000122477 -0.000681487 -0.00826764 0.000792607
57500 0 -0.000890452 0.00174774 -0.00633616 0.0027949 -0.00292594 -0.00118524 -0.00665711 0.00084747
58000 0 -0.000707737 0.00176204 -0.00745264 0.0025658 -0.00572069 -0.000896472 -0.0100826 0.000963656
58500 0 -0.000961453 -0.000647972 -0.00846287 0.00447687 -0.000507805 8.72812e-06 -0.00815882 0.000902692
59000 0 -0.0016978 -0.00458388 -0.0066387 0.00428071 0.000915228 0.000873076 -0.0104669 0.00109829
59500 0 -0.00225283 -0.00266826 -0.00558806 0.00343206 -0.00430625 0.00132923 -0.010858 0.000994844
60000 0 -0.00142615 0.00149529 -0.00837968 0.00675648 -0.00663428 0.00054831 -0.00541142 0.00130612
60500 0 0.000349483 0.00123699 -0.00780306 0.00612486 -0.0125514 -0.000439853 -0.00924236 0.00133538
61000 0 0.00221808 0.00106144 -0.0065775 0.00671685 -0.012346 -0.00116131 -0.00566317 0.00138003
61500 0 -0.00105622 0.00256657 -0.00580403 0.00834898 -0.0220373 -0.00103074 -0.00917528 0.00175142
62000 0 0.000505797 0.00228234 -0.00542745 0.00594093 -0.0136342 -0.00141219 -0.00594675 0.00131754
62500 0 -0.00244051 0.00131764 -0.00479093 0.00698 -0.0136008 -0.00261418 -0.00873931 0.00140509
63000 0 -0.00350692 0.00266182 -0.00239983 0.00793523 -0.0150675 -0.00167529 -0.00272292 0.00144193
63500 0 -0.00170754 0.0080031 -0.000556995 0.00513745 -0.00812274 -0.00125948 0.010589 0.00120457
64000 0 -0.00226612 0.00754134 -0.00179216 0.00397571 -0.00687214 -0.00142217 0.00647307 0.00117305
64500 0 -0.00509767 0.00803648 -0.00109059 0.00478519 -0.00667061 -0.0016478 0.00681743 0.00132217
65000 0 -0.00514505 0.00440136 -0.00140081 0.00318289 -0.00548821 -0.000925319 -2.77458e-05 0.000951723
65500 0 -0.00333488 0.00360639 -0.00313627 0.00640773 -0.00640735 -0.00157515 0.00139083 0.00119701
66000 0 -0.00328417 0.00215537 -0.00106387 0.00229483 -0.00139649 -0.00157037 -0.000418683 0.000575254
66500 0 -0.00234954 0.00280581 -0.00346837 0.00502505 -0.00515518 -0.00375826 -0.00282543 0.00109951
67000 0 -0.0015089 0.00385721 -0.00491389 0.00456412 -7.40251e-05 -0.0041484 -0.000309326 0.0010684
67500 0 -0.00017237 0.00358225 -0.00403156 0.000783005 -9.08117e-05 -0.00359251 -0.00330994 0.000685397
68000 0 -0.000905037 0.00450398 -0.00310258 0.00121989 0.00851661 -0.00166649 0.00718187 0.000896919
68500 0 -0.00282196 0.0015315 -0.00342677 0.00130116 0.0129779 -0.00135112 0.0039374 0.000921315
69000 0 -0.00196401 0.000211147 -0.00460994 -0.00013496 0.00123773 -0.00149097 -0.00924361 0.000482339
69500 0 -0.00106394 0.00203092 -0.00472486 0.00337904 0.00471927 -0.00182022 0.00142022 0.000884458
70000 0 -0.00114102 0.00220734 -0.00418764 0.00325075 -0.000937803 -0.00133283 -0.00109683 0.000729908
70500 0 -0.00269759 0.00460768 -0.00293605 0.00440083 0.00285879 -0.000979236 0.00760278 0.000972421
71000 0 -0.00283369 0.00800028 -0.00364523 0.00376912 -0.00013921 0.000311872 0.00982729 0.0010906
71500 0 -0.00433323 0.00844431 -0.00466606 0.00508745 0.000971474 0.00106705 0.0110797 0.00137697
72000 0 -0.00370545 0.00549944 -0.00588866 0.00480671 0.00947176 0.0018345 0.0114742 0.00149898
72500 0 -0.00410513 0.00582088 -0.00650843 0.00202719 -0.00236608 0.00251453 -0.00080375 0.00122732
73000 0 -0.0024645 0.00458849 -0.00319666 0.00557801 -0.004826 0.00297982 0.00794097 0.00119143
73500 0 -0.00599335 0.0016987 -0.00379589 0.00498847 -0.00696205 0.00365015 -0.00215519 0.00123316
74000 0 -0.0044276 0.00122464 -0.00272132 0.00486407 -0.00728507 0.00397929 9.43083e-05 0.00109168
74500 0 -0.000781438 0.000887861 -0.00311223 0.00610449 0.0061191 0.00190952 0.0111428 0.00091497
75000 0 -0.00334525 0.00303723 -0.0023451 0.00352453 0.0120903 0.00285897 0.0142896 0.00114511
75500 0 -0.00199918 0.0045148 -0.00536903 0.00451583 0.0111604 0.000937333 0.0121328 0.00133172
76000 0 -5.96136e-05 0.00778194 -0.00422741 0.00361923 -0.00293806 -0.000682021 0.00804437 0.00109287
76500 0 -0.00319058 0.00437744 -0.00203213 0.00345375 -0.00822999 0.00123496 0.00148567 0.00102264
77000 0 -0.001388 0.00398565 -0.000665727 0.00460719 -0.00472556 0.000814958 0.00825875 0.000800037
77500 0 -0.00301833 0.00525106 -0.000170706 0.00595134 -0.00967501 0.00197493 0.00925743 0.0011823
78000 0 -0.00359861 0.00798884 -0.000947227 0.00763597 -0.00713243 0.00168378 0.0156209 0.0014464
78500 0 -0.00391695 0.00463833 -0.00229764 0.00492019 -0.0103789 0.00363281 0.00396744 0.0013358
79000 0 -0.00426934 0.00423 -0.00378685 0.00349249 -0.0149463 0.00189353 -0.00615818 0.00138338
79500 0 -0.00407028 0.00639171 -0.00198493 0.00516421 -0.0121621 0.00168903 0.00414776 0.0014162
80000 0 -0.00227311 0.00473319 -0.00290264 0.00288862 -0.0132875 -0.000825667 -0.00476874 0.0011545
80500 0 -0.00349314 0.0070962 -0.00392757 0.00241886 -0.019605 -0.000134461 -0.00814208 0.00153272
81000 0 -0.00538371 0.00298045 -0.00125587 0.00301655 -0.0137183 0.000117825 -0.00691153 0.00105022
81500 0 -0.00464704 0.00462638 -0.00395109 0.00401943 -0.0137276 0.00246717 -0.00396806 0.00145554
82000 0 -0.00151812 0.00555574 -0.00463773 0.00410731 -0.0109208 0.00195281 0.000750396 0.00134293
82500 0 -0.00213081 0.003999 -0.00316963 0.00530917 -0.0135672 0.00185766 -1.54972e-05 0.0013225
83000 0 -0.00187207 0.00383155 -0.00315094 0.005955 0.00441268 0.00148874 0.0127135 0.00106832
83500 0 -0.00230236 0.00428669 -0.00400438 0.00543875 -0.00151234 0.00391674 0.00938535 0.0011541
84000 0 -0.00183976 0.00285535 -0.00375287 0.00605236 -0.0193859 0.00413303 -0.00287233 0.00158178
84500 0 -0.0013763 0.000791134 -0.00282299 0.0043179 -0.0149479 0.00056911 -0.00732708 0.000993997
85000 0 -0.00145699 0.00237714 -0.00318754 0.00411259 -0.0135063 -0.000327309 -0.00580118 0.00105575
85500 0 -0.000220254 0.00290949 -0.00865185 0.00557606 -0.00766476 -0.00146297 -0.00707812 0.00135924
86000 0 -0.00348164 0.00299056 -0.00928292 0.00363469 -0.0115286 0.00137981 -0.0135423 0.00151143
86500 0 -0.00782889 0.00516736 -0.00841606 0.00405525 -0.0106639 0.0011985 -0.0118981 0.00175312
87000 0 -0.0060155 0.00591394 -0.00657097 0.00667505 -0.00728646 0.00130145 -5.25618e-05 0.00168877
87500 0 0.000644703 0.00651829 -0.00640769 0.00665583 -0.00397443 -0.00148676 0.00657081 0.00142564
88000 0 -0.000813426 0.00834315 -0.00697847 0.00548815 -0.00369383 0.000652678 0.00770285 0.00146626
88500 0 -0.00243337 0.00756435 -0.00768759 0.00605269 0.00242678 0.00144703 0.00976368 0.00155633
89000 0 0.00100661 0.00599463 -0.00688032 0.00501583 -0.00584947 0.00029366 0.00346225 0.00133637
89500 0 -0.000408454 0.00500032 -0.00334057 0.00414708 0.00082949 -0.000186519 0.00871132 0.00082925
90000 0 -0.0024377 0.00792949 -0.00203049 0.00132897 0.000165483 0.00104688 0.00978347 0.000848459
90500 0 -0.00541361 0.00702315 -0.00307186 0.00175827 0.00315911 0.00272468 0.00849479 0.00115127
91000 0 -0.00727127 0.00653417 -0.00437084 0.00102237 0.000350887 0.00391594 0.00231833 0.0011972
91500 0 -0.0078282 0.00587014 -0.00431874 0.0016215 -0.00416731 0.00439083 -0.000777313 0.00133831
92000 0 -0.00929526 0.0053663 -0.00512935 0.0014623 0.00427673 0.00520904 0.00218683 0.00144056
92500 0 -0.0108864 0.00627639 -0.00456598 0.000455168 0.00795787 0.00597273 0.0046838 0.00159518
93000 0 -0.0100101 0.00477926 -0.00505528 0.00156113 -0.00335303 0.0068757 -0.00255959 0.00147611
93500 0 -0.00828599 0.00431144 -0.00328078 0.00109719 0.00240283 0.00599444 0.00327008 0.00117744
94000 0 -0.00390208 0.00393814 -0.00318612 0.00223485 0.0165367 0.00391949 0.0159956 0.0013641
94500 0 -0.0014054 0.00408791 -0.00520838 0.00184776 0.0199704 0.00469731 0.0179686 0.00151027
95000 0 -0.00126967 0.00440183 -0.00545384 0.00316315 0.00465699 0.00508356 0.010234 0.00120759
95500 0 -0.00201545 0.00360003 -0.00495389 0.00342231 0.00360922 0.00547687 0.00917903 0.00115752
96000 0 -0.0017087 0.00388458 -0.00601704 0.00342462 0.00427653 0.00285072 0.00611706 0.00113954
96500 0 -0.00440075 0.00336923 -0.00477162 0.00311136 0.00346215 0.00420961 0.00510415 0.00114569
97000 0 -0.00226184 0.00389429 -0.00395986 0.00418117 -0.00598498 0.00177514 0.00185822 0.00108282
97500 0 -0.00476462 0.00176689 -0.0049638 0.00302374 0.00458432 0.000906208 -0.000597093 0.000959235
98000 0 -0.00090884 0.000819134 -0.00622889 0.002053 0.00599341 -0.00144492 -0.00326751 0.000833973
98500 0 -0.000123952 0.00178235 -0.00542227 0.00320226 0.00272069 -0.00140767 -0.000343369 0.000792288
99000 0 -0.00176465 0.00480468 -0.00506435 0.000718958 -0.00207751 -0.00228615 -0.00460214 0.000884565
99500 0 -0.00163907 -0.00249242 -0.00386948 0.00102752 0.0125401 -0.00507446 -0.00611565 0.00109041
100000 0 -0.00158967 0.000838375 -0.00271331 0.00112345 0.0123345 -0.00307629 0.00266323 0.000829171
100500 0 -0.00307898 0.00096263 -0.0017587 0.000205757 0.00585109 -0.00114158 -0.000883972 0.000512842
101000 0 -0.00536121 0.00022918 -0.00189496 -0.000372925 0.0058567 0.000973604 -0.0030131 0.000565747
101500 0 -0.00185444 -0.000111543 -0.00189934 0.000831625 -0.00814434 -0.000167945 -0.00911188 0.000484906
102000 0 -0.00180461 -0.00086338 -0.000793009 0.000761792 0.00429553 0.0016727 0.00158449 0.000410927
102500 0 0.000256658 -0.00167966 -0.000969361 -0.000375059 0.0124964 0.00168662 0.00580541 0.000621558
103000 0 -0.0014859 0.00117379 -2.84373e-05 0.00136859 0.00584288 0.00130428 0.00766153 0.000436557
103500 0 -0.00106202 0.00171181 -0.00120922 -0.00017565 0.0147335 0.00122685 0.0106806 0.000700487
104000 0 -0.00337363 0.00200701 0.000691338 0.00136249 0.0132755 0.00376663 0.0157365 0.000913789
104500 0 -0.00151969 0.00250772 0.00143629 0.000109038 0.0209172 0.0040394 0.0228334 0.00106941
105000 0 0.00162578 0.00246961 -0.000753074 0.000927356 0.0115404 0.00300185 0.0162235 0.000772171
105500 0 0.00319856 0.00266139 -0.000471398 0.00159045 0.0148849 0.00393675 0.0225474 0.00100107
106000 0 0.0001977 0.00419345 -0.000342956 -0.000760606 0.00981787 0.00575465 0.0171857 0.000856298
106500 0 0.00215358 0.00623713 0.000154642 0.000937968 0.000940801 0.00561392 0.019201 0.000802181
107000 0 -0.00229418 0.00550088 -0.00229382 -0.000716287 -0.0062299 0.00419174 0.00164312 0.000971048
107500 0 -0.00155759 0.00443336 -0.00283725 -0.000770565 -0.00247671 0.00343216 0.00158487 0.000776215
108000 0 -0.00201371 0.00342339 -0.00263512 -0.000228452 0.000705307 0.00371382 0.00319757 0.000645508
108500 0 -0.00583365 0.011236 -0.00431497 -0.00145611 0.00984718 0.00292953 0.0124579 0.00168706
109000 0 -0.0062368 0.00727046 -0.00400997 -0.00145476 0.00221775 0.00433752 0.00286887 0.00127869
109500 0 -0.00565462 0.00510833 -0.0016595 -0.00236136 0.0137244 0.00290064 0.00863854 0.00129453
110000 0 -0.00313108 0.00603046 -0.00149184 -0.00202872 0.0165315 0.0028206 0.0148789 0.00130078
110500 0 -0.000996014 0.0051144 -0.00118638 -0.000895306 0.0118339 0.00260632 0.0142246 0.000930866
111000 0 -0.00406064 0.00368062 -0.00220508 -0.00248223 0.010479 0.00260565 0.00446471 0.00108256
111500 0 -0.00342055 0.00245819 -5.83898e-06 -0.00161567 0.010895 0.0029526 0.00843917 0.000815721
112000 0 -0.000804049 0.00310789 0.000144876 -0.0033489 0.0129562 0.0039716 0.0118276 0.000974959
112500 0 0.00101446 0.000845222 -0.000866838 -0.00202256 0.0193662 0.00226237 0.0131699 0.00091235
113000 0 0.00070167 0.00126258 -0.00159572 0.000106279 0.017411 0.00230107 0.0143324 0.000798778
113500 0 3.75961e-05 0.000746495 -0.0042642 -0.00254353 0.0114962 0.00173846 0.000428278 0.000871132
114000 0 -0.0018279 0.00305134 -0.0067706 -0.00142473 0.000395337 0.00169645 -0.00741542 0.000856249
114500 0 -0.0061007 0.00312994 -0.006615 -0.00155527 0.00760581 0.00563735 -0.00234556 0.0013896
115000 0 -0.00580714 0.0041706 -0.00839542 -0.0018263 0.0136856 0.00626768 0.0011329 0.00176973
115500 0 -0.00680395 0.00249691 -0.00707139 -0.00157725 0.0113532 0.00599897 -0.00176514 0.00152724
116000 0 -0.00717113 0.00438894 -0.00667694 -0.000303105 0.0034202 0.0051489 -0.00295437 0.00129632
116500 0 -0.00424108 0.00116315 -0.00303136 0.000313874 0.00265629 0.00319069 -0.0012076 0.000651748
117000 0 -0.00484058 0.00158503 -0.00259484 -0.000756306 -0.000605151 0.00242655 -0.00503255 0.000611662
117500 0 -0.00421702 0.00171555 -0.00303972 -0.00046913 -0.00161996 0.00209931 -0.00551738 0.000620931
118000 0 -0.00627619 0.00650509 -0.00453906 -1.17425e-05 0.00238604 0.00156093 0.000392709 0.00106369
118500 0 -0.0077271 0.00694972 -0.00771093 -0.000723519 0.00408181 0.00318487 -0.00331855 0.00150564
119000 0 -0.0051322 0.0068419 -0.00593708 -0.00121618 0.00644862 0.00300497 0.0022164 0.00137913
119500 0 -0.00522495 0.00684167 -0.00512671 -0.00212612 0.00779699 0.00288186 0.002768 0.00142169
120000 0 -0.00774764 0.00870292 -0.00475 -0.0016403 0.00441936 0.00409907 0.00350039 0.00153589
120500 0 -0.00880089 0.00799796 -0.00433657 -0.000185795 0.00989324 0.00534215 0.00921903 0.00162072
121000 0 -0.00489901 0.00896931 -0.00493704 -0.000653718 0.00486742 0.00450687 0.00839972 0.0014239
121500 0 -0.00467669 0.00769181 -0.00241653 -0.00397297 0.0102204 0.00661712 0.0112052 0.00162432
122000 0 -0.000241492 0.00362313 -0.00367958 -0.00216955 0.0147078 0.00515587 0.011509 0.00123227
122500 0 -0.00527735 0.00665792 0.000358622 -0.00192924 -0.00392748 0.00455793 0.00474281 0.00106211
123000 0 -0.00720087 0.00666759 -0.0026543 -7.39995e-06 0.0130603 0.00571972 0.0139815 0.0014649
123500 0 -0.00710552 0.00558671 -0.00419458 -0.00141503 0.0124673 0.00623644 0.00814215 0.00158317
124000 0 -0.00432432 0.00443277 -0.0029768 -0.00232591 0.017655 0.00566392 0.0123244 0.00150809
124500 0 -0.00555947 0.000839421 -0.00274771 -0.0017813 0.0154012 0.00505458 0.00484341 0.00119244
125000 0 -0.00191312 0.00150279 -0.00275959 -0.000822704 0.0160202 0.00564269 0.0115799 0.00107814
125500 0 -0.00302347 0.00362306 -0.00353277 0.000674995 0.0142378 0.00564508 0.0136384 0.00124231
126000 0 -0.00347204 0.0087288 -0.00444931 0.0011553 0.0126334 0.00358033 0.0170888 0.00153542
126500 0 -0.00600749 0.00654792 -0.00677847 0.000661583 0.00712214 0.00459867 0.00458157 0.00149748
127000 0 -0.00314553 0.0035036 -0.00723852 -0.000443845 0.00739954 0.00241802 -0.00172401 0.00112985
127500 0 -0.00661996 -0.00109037 -0.0065913 -0.00312169 0.0105729 0.00222767 -0.0128724 0.00131928
128000 0 -0.00589715 0.000318971 -0.00575588 -0.0025901 0.0132024 0.00284341 -0.00566276 0.00125756
