# time  0 1 2 3 4 5 6 sum_q sum_abs_q
0 0 0.857011 1.93797 1.95806 2.06999 1.57567 0.300657 8.69935 8.69935
500 0 0.366444 1.42515 1.91344 0.885922 1.4989 0.473045 6.56291 6.56291
1000 0 0.568922 0.417555 -0.387025 0.161743 1.45294 0.162724 2.37686 3.15091
1500 0 0.22387 1.10796 -1.58704 -0.566345 1.55797 0.216639 0.953057 5.25982
2000 0 -0.121284 1.02435 -1.90304 -0.714437 1.86039 7.84824e-06 0.145984 5.62351
2500 0 0.61623 1.19173 -1.69231 -0.885186 1.67898 -0.368058 0.541383 6.43248
3000 0 -0.121131 1.24582 -2.29842 -0.814846 1.25887 -0.00677136 -0.736475 5.74586
3500 0 0.368745 -0.392305 -0.632637 -1.11847 1.33951 0.0878436 -0.347313 3.93951
4000 0 -0.395222 -0.703212 -0.382051 -0.291782 1.17902 0.211129 -0.38212 3.16241
4500 0 -1.00888 -0.233568 -0.318479 0.138695 -0.533381 0.94061 -1.015 3.17361
5000 0 -0.477246 -0.395898 0.124829 -0.336418 -0.0964778 0.412145 -0.769066 1.84301
5500 0 -1.01228 -0.668844 0.656065 -0.719805 -0.0857513 0.529321 -1.3013 3.67207
6000 0 -0.998941 -0.748548 0.346336 0.0148787 0.12193 0.13914 -1.1252 2.36977
6500 0 -0.0102024 -0.781741 0.534462 0.35818 -0.169016 0.770621 0.702303 2.62422
7000 0 -0.30337 -0.301646 -0.135779 0.377536 -1.36886 1.01873 -0.713391 3.50591
7500 0 -0.457492 0.51613 -0.475441 0.811227 -1.76555 1.53373 0.162611 5.55957
8000 0 -0.872102 0.270482 0.332151 0.093642 -1.25569 1.54051 0.10899 4.36458
8500 0 -0.51604 0.071667 0.615663 0.386287 -0.49694 1.77058 1.83122 3.85718
9000 0 -0.821446 0.814633 1.34959 0.261051 -0.664716 1.25979 2.1989 5.17122
9500 0 -0.428145 0.536283 0.853054 0.526892 -1.19529 1.23542 1.52821 4.77508
10000 0 -0.704663 -0.207649 0.097656 0.832776 -0.848715 0.896729 0.066134 3.58819
10500 0 -0.564815 -0.259071 -0.358419 0.230484 -1.38949 0.786637 -1.55467 3.58892
11000 0 -0.97246 0.49411 -0.271807 0.319823 -1.14466 1.01935 -0.555648 4.2222
11500 0 -0.712131 -0.280879 -0.325076 -0.157893 -1.04771 0.887559 -1.63613 3.41125
12000 0 -0.656681 0.478567 -0.961075 -0.169588 -0.549081 0.807369 -1.05049 3.62236
12500 0 -0.649523 0.0591295 -0.843071 0.104164 -0.38941 0.65685 -1.06186 2.70215
13000 0 -0.834126 0.856405 -0.215855 -0.0386592 -0.890008 0.533633 -0.58861 3.36869
13500 0 -0.453028 -0.581368 -0.666202 -0.0412953 -0.956625 0.278467 -2.42005 2.97699
14000 0 -0.394229 -0.170735 -2.1218 0.0816416 -0.757496 0.642499 -2.72012 4.1684
14500 0 -0.489187 0.299167 -0.73752 0.371423 -1.25904 0.4669 -1.34825 3.62323
15000 0 -0.0430102 -0.311816 -0.514629 0.414366 -0.643713 0.595642 -0.50316 2.52318
15500 0 -0.36108 0.30415 -0.971461 0.412055 -0.871139 0.628974 -0.858501 3.54886
16000 0 -0.0660859 0.430741 -0.511151 0.185123 -0.858596 0.704217 -0.115752 2.75591
16500 0 0.397593 0.850028 -0.778005 0.13142 0.0501972 0.729513 1.38075 2.93676
17000 0 -0.0297693 0.511443 -0.871006 0.283449 0.200844 0.87633 0.97129 2.77284
17500 0 -0.163625 -0.398594 -0.94257 0.666531 0.38993 0.869136 0.42081 3.43039
18000 0 -0.35469 -0.473157 0.464163 -0.0281738 -0.138856 0.89985 0.369137 2.35889
18500 0 0.0201226 -0.648463 0.103647 -0.193189 -0.72297 0.897016 -0.543836 2.58541
19000 0 0.0314249 -0.585958 0.157017 -0.55392 -0.0764612 0.610922 -0.416975 2.0157
19500 0 0.0187566 -0.0996534 -0.27554 -0.0522263 -0.147127 0.349011 -0.206779 0.942314
20000 0 -0.152166 -0.0784229 -0.536537 0.0185269 -0.500685 0.423715 -0.825569 1.71005
20500 0 0.173978 0.203563 -0.932804 0.118137 -0.570159 -0.0307849 -1.03807 2.02943
21000 0 0.837038 0.753821 -0.915399 0.185655 -0.0204599 -0.202621 0.638035 2.91499
21500 0 0.606572 0.527186 -0.411667 -0.832094 -0.370566 0.0291035 -0.451466 2.77719
22000 0 0.0419714 -0.154163 -0.577899 -1.03726 0.00246992 0.191961 -1.53292 2.00572
22500 0 -0.586729 -0.49338 -0.604507 -1.12722 -0.102689 0.340471 -2.57406 3.255
23000 0 -0.718559 -1.17539 -0.561516 -1.01857 0.282383 0.489948 -2.7017 4.24636
23500 0 -0.361841 -0.940701 -0.416298 -0.0610582 0.14502 0.217719 -1.41716 2.14264
24000 0 -0.0480416 -0.938236 -0.635627 0.207472 0.547986 0.172872 -0.693575 2.55024
24500 0 -0.21413 -1.4444 -0.502831 -0.126993 0.233096 0.679862 -1.3754 3.20131
25000 0 -0.390873 -0.829963 -0.361266 0.988172 -0.17218 0.476706 -0.289403 3.21916
25500 0 -0.292486 -1.3191 -0.348076 0.756568 -0.523548 0.597191 -1.12945 3.83697
26000 0 -0.438435 -0.655703 -0.50531 0.139109 -0.155019 1.06073 -0.554626 2.95431
26500 0 -0.462611 -0.938984 -0.473921 0.20337 -0.428988 0.524778 -1.57636 3.03265
27000 0 -0.45749 -0.495067 0.173048 0.264348 -0.685998 0.365173 -0.835986 2.44112
27500 0 -0.00255403 -0.458348 0.398387 0.147013 -0.414441 0.198833 -0.13111 1.61958
28000 0 0.203257 -0.329853 -0.2853 0.216208 0.0012758 0.0578988 -0.136514 1.09379
28500 0 0.586561 -0.853797 -0.304445 -0.501384 -0.23691 0.080115 -1.22986 2.56321
29000 0 0.580812 -0.626665 -0.2841 -0.194865 -0.896445 -0.16818 -1.58944 2.75107
29500 0 0.985987 -0.923693 -0.316813 0.134737 -1.80919 -0.509518 -2.43849 4.67994
30000 0 0.869314 -0.280255 -0.423072 -0.653579 -2.31363 -0.399958 -3.20118 4.93981
30500 0 0.945694 -1.5067 -0.0579624 -0.0469275 -1.3782 -0.551381 -2.59548 4.48687
31000 0 0.980712 -1.19353 -0.143523 -0.176518 -1.45202 -0.336534 -2.32141 4.28284
31500 0 1.34209 -0.283839 -0.563609 1.17413 -1.91395 -0.628295 -0.873468 5.90591
32000 0 1.41797 -0.717484 -0.581058 0.557203 -2.52928 -0.690276 -2.54292 6.49327
32500 0 1.42262 -0.081724 -0.157539 0.314678 -2.08488 -0.654531 -1.24138 4.71597
33000 0 1.07077 -0.382261 -0.250326 0.302743 -1.61452 -0.396865 -1.27045 4.01748
33500 0 1.0002 0.092663 -0.181516 0.26796 -1.60331 -0.0631028 -0.487104 3.20874
34000 0 1.11662 0.254681 -0.0523286 0.347389 -1.00387 -0.096946 0.565552 2.87184
34500 0 0.606066 -0.222653 -0.508013 0.163925 -1.84408 -0.0666949 -1.87145 3.41143
35000 0 0.629913 0.199134 -0.699171 0.0858539 -1.09733 -0.0464755 -0.928072 2.75787
35500 0 0.523468 -0.075591 -0.469777 0.733085 -1.45126 0.176587 -0.563489 3.42977
36000 0 0.604442 -0.44805 -0.524498 0.774017 -2.53784 -0.110103 -2.24203 4.99895
36500 0 0.376904 0.417965 0.00710589 0.815078 -2.22312 -0.305183 -0.911253 4.14536
37000 0 0.870483 0.756471 -0.844196 1.01896 -2.13087 -0.167503 -0.496651 5.78848
37500 0 1.13331 0.657001 -0.858458 0.225173 -1.05302 -0.622539 -0.518533 4.54951
38000 0 0.732147 0.582122 -0.409797 -0.165361 -0.662981 -0.324745 -0.248615 2.87715
38500 0 0.380376 0.963699 -0.38028 -0.292245 -1.22722 -0.723642 -1.27931 3.96746
39000 0 0.0397954 0.652665 -0.77235 -0.0152907 -0.375566 -0.627299 -1.09804 2.48297
39500 0 -0.176352 0.907312 -0.835799 -0.260246 -0.383753 -0.616403 -1.36524 3.17986
40000 0 -0.264286 0.631654 -0.692128 -0.585138 -0.347272 -0.532044 -1.78921 3.05252
40500 0 0.0262989 1.58959 -0.645746 -0.435012 -0.519336 -0.947933 -0.932135 4.16392
41000 0 0.00203242 1.47041 -0.859306 -0.364389 -1.2228 -0.511701 -1.48576 4.43064
41500 0 0.479553 0.996674 -0.846356 -0.0627787 -0.662176 -0.63782 -0.732904 3.68536
42000 0 0.273682 -0.0620304 -0.303865 0.408494 -0.969418 -0.800189 -1.45333 2.81768
42500 0 0.60485 -0.687864 -0.231848 0.647641 -0.29714 -0.599356 -0.563717 3.0687
43000 0 0.559331 -0.12037 -0.987524 0.0352987 0.269734 -0.554881 -0.798412 2.52714
43500 0 0.491367 0.102906 -0.419061 -0.151797 -0.347447 -0.599241 -0.923272 2.11182
44000 0 -0.0193639 0.0108266 -0.450664 0.470808 -0.633518 -0.293572 -0.915483 1.87875
44500 0 0.0564292 0.45043 -0.607542 0.864687 -0.287138 -0.427176 0.0496886 2.6934
45000 0 0.599385 -0.223371 -0.683603 0.634554 -1.24115 -0.304586 -1.21877 3.68665
45500 0 0.126631 0.199913 -0.958937 0.561102 0.436005 -0.247246 0.117468 2.52983
46000 0 -0.0174023 -0.216054 -0.729387 0.715994 -0.550321 0.227572 -0.569599 2.45673
46500 0 -0.08556 0.967152 -0.591324 1.10478 0.073433 0.0366854 1.50517 2.85893
47000 0 -0.396571 0.26533 -0.657357 1.02788 -1.25894 0.367987 -0.651675 3.97406
47500 0 -0.220613 -0.0793802 -0.679644 0.95881 -0.375896 0.309214 -0.0875089 2.62356
48000 0 -0.0867079 0.323466 -0.687065 0.704399 0.0143904 0.4384 0.706882 2.25443
48500 0 -0.488872 -0.159319 -0.87399 0.00389138 -0.270591 0.704933 -1.08395 2.5016
49000 0 -0.449593 0.622865 -1.31883 0.755872 -1.35332 0.331202 -1.4118 4.83168
49500 0 -0.867414 -0.00226771 -1.1402 0.701921 -0.912483 0.68483 -1.53562 4.30912
50000 0 -0.736565 0.300037 -0.868681 0.455994 -1.60104 0.529863 -1.92039 4.49218
50500 0 -0.75599 -0.000454258 -0.612932 0.325735 -1.64032 0.64308 -2.04088 3.97851
51000 0 -0.945694 -0.26932 -0.412007 0.270172 -1.57786 0.550783 -2.38393 4.02584
51500 0 -1.22696 -1.26714 -0.0188976 0.10873 -1.55313 0.557513 -3.39989 4.73238
52000 0 -0.943823 -1.76682 -0.0216595 0.0633604 -0.684814 0.475134 -2.87862 3.95561
52500 0 -0.464118 -1.75056 -0.034133 0.82001 -1.10629 0.298234 -2.23686 4.47334
53000 0 -0.915771 -1.2564 -0.647137 1.01877 -0.677567 0.311243 -2.16686 4.82689
53500 0 -0.348477 -0.999486 -0.811976 0.987939 -0.840135 0.0981623 -1.91397 4.08618
54000 0 -0.643715 -0.151062 -0.692334 0.508324 -0.346407 0.302324 -1.02287 2.64417
54500 0 -1.04737 -0.53104 -0.417302 0.553482 -0.193132 0.172712 -1.46265 2.91504
55000 0 -1.066 -0.568447 -0.632316 0.821688 -0.118086 0.170485 -1.39268 3.37702
55500 0 -0.939809 -0.0502763 -0.899753 1.20392 0.250959 0.337893 -0.0970604 3.68261
56000 0 -1.11915 -0.50504 -0.852067 1.5131 -0.996986 0.137188 -1.82296 5.12352
56500 0 -1.28153 0.0541451 -0.824983 1.29586 -0.531662 0.0644196 -1.22376 4.05259
57000 0 -0.609188 -0.553806 -0.688234 0.770704 -0.0118857 -0.0981341 -1.19054 2.73195
57500 0 -0.11661 0.377512 -1.36861 0.603699 -0.283945 -0.170675 -0.958624 2.92105
58000 0 -0.0926824 0.3806 -1.60977 0.554212 -0.555159 -0.129092 -1.45189 3.32152
58500 0 -0.125908 -0.139962 -1.82798 0.967003 -0.0492794 0.00125685 -1.17487 3.11139
59000 0 -0.222337 -0.990118 -1.43396 0.924633 0.0888174 0.125723 -1.50724 3.78559
59500 0 -0.295021 -0.576345 -1.20702 0.741325 -0.417896 0.191409 -1.56355 3.42902
60000 0 -0.186763 0.322983 -1.81001 1.4594 -0.643817 0.0789566 -0.779244 4.50193
60500 0 0.0457669 0.267189 -1.68546 1.32297 -1.21804 -0.0633388 -1.3309 4.60276
61000 0 0.290471 0.229271 -1.42074 1.45084 -1.19811 -0.167228 -0.815496 4.75666
61500 0 -0.138319 0.55438 -1.25367 1.80338 -2.13859 -0.148427 -1.32124 6.03677
62000 0 0.0662371 0.492986 -1.17233 1.28324 -1.32312 -0.203356 -0.856332 4.54127
62500 0 -0.319599 0.28461 -1.03484 1.50768 -1.31988 -0.376442 -1.25846 4.84304
63000 0 -0.459252 0.574954 -0.518363 1.71401 -1.46221 -0.241242 -0.3921 4.97003
63500 0 -0.223612 1.72867 -0.120311 1.10969 -0.788263 -0.181365 1.52481 4.15191
64000 0 -0.296762 1.62893 -0.387107 0.858753 -0.6669 -0.204793 0.932122 4.04324
64500 0 -0.667571 1.73588 -0.235567 1.0336 -0.647343 -0.237283 0.98171 4.55724
65000 0 -0.673775 0.950693 -0.302575 0.687505 -0.532598 -0.133246 -0.0039954 3.28039
65500 0 -0.436723 0.778981 -0.677435 1.38407 -0.621795 -0.226822 0.200279 4.12583
66000 0 -0.430082 0.465561 -0.229797 0.495683 -0.135521 -0.226134 -0.0602904 1.98278
66500 0 -0.307687 0.606055 -0.749169 1.08541 -0.500279 -0.54119 -0.406862 3.78979
67000 0 -0.1976 0.833157 -1.0614 0.98585 -0.00718369 -0.59737 -0.044543 3.68256
67500 0 -0.0225729 0.773765 -0.870817 0.169129 -0.00881273 -0.517322 -0.476631 2.36242
68000 0 -0.11852 0.972859 -0.670158 0.263497 0.826486 -0.239974 1.03419 3.09149
68500 0 -0.369552 0.330804 -0.740183 0.281051 1.25943 -0.194561 0.566985 3.17558
69000 0 -0.257199 0.0456077 -0.995748 -0.0291513 0.120114 -0.214699 -1.33108 1.66252
69500 0 -0.139329 0.438678 -1.02057 0.729872 0.457977 -0.262112 0.204512 3.04854
70000 0 -0.149423 0.476785 -0.904531 0.702162 -0.0910082 -0.191928 -0.157944 2.51584
70500 0 -0.353266 0.995258 -0.634186 0.950579 0.277428 -0.14101 1.0948 3.35173
71000 0 -0.371089 1.72806 -0.787369 0.81413 -0.0135095 0.0449096 1.41513 3.75906
71500 0 -0.567463 1.82397 -1.00787 1.09889 0.0942757 0.153655 1.59547 4.74613
72000 0 -0.485251 1.18788 -1.27195 1.03825 0.919177 0.264168 1.65228 5.16668
72500 0 -0.537592 1.25731 -1.40582 0.437873 -0.229614 0.362093 -0.11574 4.2303
73000 0 -0.322741 0.991113 -0.690479 1.20485 -0.468334 0.429094 1.1435 4.10661
73500 0 -0.784865 0.36692 -0.819913 1.07751 -0.675625 0.525621 -0.310348 4.25046
74000 0 -0.579821 0.264522 -0.587805 1.05064 -0.706972 0.573018 0.0135804 3.76278
74500 0 -0.102334 0.191778 -0.672242 1.31857 0.593822 0.274971 1.60456 3.15371
75000 0 -0.43808 0.656042 -0.506542 0.761299 1.17329 0.411692 2.0577 3.94694
75500 0 -0.261805 0.975196 -1.15971 0.97542 1.08305 0.134976 1.74713 4.59016
76000 0 -0.00780676 1.6809 -0.91312 0.781753 -0.285121 -0.098211 1.15839 3.76691
76500 0 -0.417825 0.945526 -0.438939 0.746011 -0.798671 0.177834 0.213936 3.52481
77000 0 -0.181767 0.860901 -0.143797 0.995153 -0.458587 0.117354 1.18926 2.75756
77500 0 -0.395268 1.13423 -0.0368724 1.28549 -0.938902 0.28439 1.33307 4.07515
78000 0 -0.471259 1.72559 -0.204601 1.64937 -0.69216 0.242464 2.24941 4.98545
78500 0 -0.512948 1.00188 -0.49629 1.06276 -1.00721 0.523125 0.571311 4.60421
79000 0 -0.559096 0.91368 -0.817959 0.754377 -1.45045 0.272668 -0.886778 4.76823
79500 0 -0.533028 1.38061 -0.428744 1.11547 -1.18026 0.243221 0.597278 4.88134
80000 0 -0.297677 1.02237 -0.62697 0.623941 -1.28947 -0.118896 -0.686698 3.97932
80500 0 -0.457447 1.53278 -0.848355 0.522473 -1.90255 -0.0193624 -1.17246 5.28296
81000 0 -0.705029 0.643777 -0.271269 0.651574 -1.33128 0.0169668 -0.995261 3.6199
81500 0 -0.608558 0.999298 -0.853436 0.868197 -1.33218 0.355273 -0.5714 5.01694
82000 0 -0.198807 1.20004 -1.00175 0.88718 -1.0598 0.281205 0.108057 4.62879
82500 0 -0.279042 0.863785 -0.684641 1.14678 -1.31662 0.267503 -0.00223159 4.55838
83000 0 -0.245159 0.827615 -0.680603 1.28628 0.428224 0.214379 1.83074 3.68226
83500 0 -0.301508 0.925926 -0.864947 1.17477 -0.146764 0.564011 1.35149 3.97793
84000 0 -0.240927 0.616756 -0.81062 1.30731 -1.88129 0.595157 -0.413615 5.45205
84500 0 -0.180235 0.170885 -0.609766 0.932667 -1.4506 0.0819518 -1.0551 3.4261
85000 0 -0.190802 0.513463 -0.688508 0.88832 -1.31071 -0.0471325 -0.83537 3.63894
85500 0 -0.0288436 0.62845 -1.8688 1.20443 -0.743819 -0.210667 -1.01925 4.68501
86000 0 -0.455941 0.64596 -2.00511 0.785092 -1.11878 0.198692 -1.95009 5.20957
86500 0 -1.02524 1.11615 -1.81787 0.875934 -1.03487 0.172584 -1.71332 6.04265
87000 0 -0.787766 1.27741 -1.41933 1.44181 -0.707107 0.187409 -0.0075689 5.82084
87500 0 0.0844277 1.40795 -1.38406 1.43766 -0.385695 -0.214093 0.946197 4.91389
88000 0 -0.106523 1.80212 -1.50735 1.18544 -0.358464 0.0939857 1.10921 5.05389
88500 0 -0.318665 1.6339 -1.66052 1.30738 0.235504 0.208373 1.40597 5.36434
89000 0 0.131821 1.29484 -1.48615 1.08342 -0.567656 0.0422871 0.498564 4.60618
89500 0 -0.0534895 1.08007 -0.721564 0.89577 0.080497 -0.0268587 1.25443 2.85825
90000 0 -0.319232 1.71277 -0.438586 0.287058 0.0160591 0.150751 1.40882 2.92446
90500 0 -0.708945 1.517 -0.663522 0.379786 0.306573 0.392354 1.22325 3.96818
91000 0 -0.952216 1.41138 -0.944102 0.220833 0.0340515 0.563896 0.33384 4.12648
91500 0 -1.02515 1.26795 -0.932848 0.350245 -0.404412 0.63228 -0.111933 4.61289
92000 0 -1.21727 1.15912 -1.10794 0.315856 0.415031 0.750102 0.314903 4.96532
92500 0 -1.42564 1.3557 -0.986251 0.0983162 0.772264 0.860073 0.674467 5.49824
93000 0 -1.31088 1.03232 -1.09194 0.337205 -0.325391 0.990101 -0.368581 5.08784
93500 0 -1.0851 0.931271 -0.708648 0.236992 0.23318 0.8632 0.470892 4.05839
94000 0 -0.511001 0.850638 -0.688201 0.482728 1.60479 0.564406 2.30336 4.70177
94500 0 -0.184046 0.882989 -1.12501 0.399117 1.93801 0.676412 2.58748 5.20558
95000 0 -0.166271 0.950796 -1.17803 0.68324 0.451933 0.732032 1.4737 4.1623
95500 0 -0.263935 0.777606 -1.07004 0.739218 0.350253 0.78867 1.32178 3.98972
96000 0 -0.223765 0.83907 -1.29968 0.739717 0.415012 0.410504 0.880857 3.92775
96500 0 -0.576304 0.727753 -1.03067 0.672054 0.335981 0.606184 0.734998 3.94895
97000 0 -0.296202 0.841166 -0.855329 0.903133 -0.580806 0.25562 0.267583 3.73226
97500 0 -0.623956 0.381649 -1.07218 0.653127 0.444881 0.130494 -0.0859814 3.30628
98000 0 -0.119018 0.176933 -1.34544 0.443447 0.581624 -0.208068 -0.470521 2.87453
98500 0 -0.0162323 0.384988 -1.17121 0.691688 0.264027 -0.202704 -0.0494452 2.73085
99000 0 -0.231092 1.03781 -1.0939 0.155295 -0.20161 -0.329205 -0.662708 3.04891
99500 0 -0.214646 -0.538363 -0.835808 0.221944 1.21694 -0.730722 -0.880653 3.75843
100000 0 -0.208177 0.181089 -0.586074 0.242665 1.19699 -0.442986 0.383505 2.85798
100500 0 -0.403211 0.207928 -0.379879 0.0444436 0.567813 -0.164387 -0.127292 1.76766
101000 0 -0.702082 0.0495028 -0.409312 -0.0805518 0.568358 0.140199 -0.433887 1.95001
101500 0 -0.24285 -0.0240933 -0.410257 0.179631 -0.790359 -0.0241841 -1.31211 1.67137
102000 0 -0.236324 -0.18649 -0.17129 0.164547 0.416855 0.240869 0.228166 1.41638
102500 0 0.0336109 -0.362807 -0.209382 -0.0810128 1.2127 0.242874 0.835979 2.14238
103000 0 -0.194588 0.253539 -0.00614245 0.295615 0.567016 0.187817 1.10326 1.50472
103500 0 -0.139078 0.369751 -0.261191 -0.0379404 1.4298 0.176666 1.53801 2.41443
104000 0 -0.441797 0.433514 0.149329 0.294297 1.28831 0.542394 2.26605 3.14964
104500 0 -0.199012 0.541668 0.310238 0.0235523 2.02989 0.581673 3.28801 3.68604
105000 0 0.212905 0.533435 -0.162664 0.200309 1.11993 0.432267 2.33618 2.66151
105500 0 0.41887 0.574861 -0.101822 0.343537 1.44449 0.566892 3.24683 3.45047
106000 0 0.02589 0.905786 -0.0740786 -0.164291 0.952765 0.828669 2.47474 2.95148
106500 0 0.282024 1.34722 0.0334026 0.202601 0.0912991 0.808404 2.76495 2.76495
107000 0 -0.300437 1.18819 -0.495466 -0.154718 -0.604574 0.60361 0.236609 3.347
107500 0 -0.203976 0.957605 -0.612847 -0.166442 -0.24035 0.494231 0.228222 2.67545
108000 0 -0.263707 0.739452 -0.569186 -0.0493457 0.0684458 0.53479 0.46045 2.22493
108500 0 -0.763952 2.42698 -0.932033 -0.31452 0.95561 0.421852 1.79394 5.81495
109000 0 -0.816746 1.57042 -0.866153 -0.314228 0.215219 0.624603 0.413117 4.40737
109500 0 -0.740507 1.1034 -0.358452 -0.510053 1.33187 0.417692 1.24395 4.46197
110000 0 -0.410034 1.30258 -0.322237 -0.438203 1.60428 0.406166 2.14256 4.48351
110500 0 -0.130434 1.10471 -0.256259 -0.193386 1.14841 0.37531 2.04834 3.2085
111000 0 -0.531765 0.795015 -0.476298 -0.536162 1.01692 0.375214 0.642918 3.73137
111500 0 -0.447941 0.530969 -0.00126122 -0.348984 1.05729 0.425175 1.21524 2.81162
112000 0 -0.105295 0.671304 0.0312932 -0.723363 1.25732 0.57191 1.70317 3.36048
112500 0 0.132849 0.182568 -0.187237 -0.436873 1.87937 0.325781 1.89646 3.14468
113000 0 0.0918879 0.272718 -0.344675 0.0229563 1.68963 0.331354 2.06387 2.75322
113500 0 0.00492343 0.161243 -0.921068 -0.549403 1.11564 0.250338 0.061672 3.00261
114000 0 -0.239374 0.65909 -1.46245 -0.307742 0.0383651 0.244289 -1.06782 2.95131
114500 0 -0.798923 0.676066 -1.42884 -0.335938 0.738098 0.811779 -0.33776 4.78965
115000 0 -0.76048 0.90085 -1.81341 -0.39448 1.32811 0.902546 0.163138 6.09988
115500 0 -0.891018 0.539332 -1.52742 -0.340685 1.10176 0.863851 -0.25418 5.26406
116000 0 -0.939102 0.94801 -1.44222 -0.0654706 0.33191 0.741442 -0.42543 4.46815
116500 0 -0.555395 0.25124 -0.654773 0.0677967 0.257777 0.459459 -0.173895 2.24644
117000 0 -0.633903 0.342367 -0.560486 -0.163362 -0.0587263 0.349423 -0.724687 2.10827
117500 0 -0.552244 0.370559 -0.656579 -0.101332 -0.157207 0.3023 -0.794503 2.14022
118000 0 -0.821905 1.4051 -0.980436 -0.00253638 0.231551 0.224774 0.0565501 3.66631
118500 0 -1.01191 1.50114 -1.66556 -0.15628 0.396115 0.458621 -0.477871 5.18963
119000 0 -0.672093 1.47785 -1.28241 -0.262694 0.6258 0.432715 0.319162 4.75356
119500 0 -0.684238 1.4778 -1.10737 -0.459241 0.756651 0.414988 0.398592 4.90028
120000 0 -1.0146 1.87983 -1.026 -0.354305 0.428872 0.590266 0.504056 5.29388
120500 0 -1.15253 1.72756 -0.936699 -0.0401318 0.96008 0.769269 1.32754 5.58627
121000 0 -0.641555 1.93737 -1.0664 -0.141203 0.472354 0.648989 1.20956 4.90787
121500 0 -0.61244 1.66143 -0.52197 -0.858161 0.991825 0.952865 1.61355 5.5987
122000 0 -0.0316248 0.782595 -0.79479 -0.468622 1.4273 0.742446 1.6573 4.24738
122500 0 -0.691101 1.43811 0.0774624 -0.416715 -0.381138 0.656342 0.682965 3.66087
123000 0 -0.942997 1.4402 -0.573329 -0.00159839 1.26742 0.82364 2.01334 5.04919
123500 0 -0.930511 1.20673 -0.906029 -0.305646 1.20988 0.898048 1.17247 5.45685
124000 0 -0.566296 0.957478 -0.642989 -0.502396 1.71331 0.815605 1.77471 5.19808
124500 0 -0.728046 0.181315 -0.593506 -0.384761 1.49459 0.72786 0.697451 4.11008
125000 0 -0.250534 0.324602 -0.596071 -0.177704 1.55466 0.812548 1.6675 3.71612
125500 0 -0.395942 0.78258 -0.763079 0.145799 1.38169 0.812892 1.96393 4.28198
126000 0 -0.454685 1.88542 -0.961052 0.249545 1.226 0.515567 2.46079 5.29227
126500 0 -0.786717 1.41435 -1.46415 0.142902 0.691161 0.662209 0.659746 5.16149
127000 0 -0.411926 0.756778 -1.56352 -0.0958706 0.718081 0.348195 -0.248258 3.89437
127500 0 -0.866923 -0.235521 -1.42372 -0.674285 1.02604 0.320785 -1.85362 4.54728
128000 0 -0.772267 0.0688977 -1.24327 -0.559461 1.28121 0.409451 -0.815438 4.33455
